t	dt	da	x	y	dx	dy	Fx	Fy	Mz
0.01	0.01	-0.04	-0.25	0.000174533	0	0.000174533	1.32548	24.3009	11.2405
0.02	0.01	-0.04	-0.25	0.000349066	1.21847e-07	0.000174533	-5.36868	33.9742	15.029
0.03	0.01	-0.04	-0.25	0.000523599	2.43694e-07	0.000174533	9.11999	11.7186	-7.00966
0.04	0.01	-0.04	-0.249999	0.000698131	3.65541e-07	0.000174533	5.79033	7.77891	-2.15748
0.05	0.01	-0.04	-0.249999	0.000872664	4.87388e-07	0.000174532	-3.34026	9.81314	6.78342
0.06	0.01	-0.04	-0.249998	0.0010472	6.09234e-07	0.000174532	4.33833	25.2335	2.07959
0.07	0.01	-0.04	-0.249997	0.00122173	7.31081e-07	0.000174532	5.61105	31.1424	1.17082
0.08	0.01	-0.04	-0.249997	0.00139626	8.52927e-07	0.000174531	-0.122807	17.8808	3.74441
0.09	0.01	-0.04	-0.249996	0.00157079	9.74772e-07	0.000174531	2.38106	19.3764	1.61263
0.1	0.01	-0.04	-0.249995	0.00174532	1.09662e-06	0.00017453	4.17646	33.7395	1.99414
0.11	0.01	-0.04	-0.249993	0.00191985	1.21846e-06	0.000174529	1.60044	34.7948	4.73828
0.12	0.01	-0.04	-0.249992	0.00209438	1.34031e-06	0.000174528	2.06	29.9165	2.8559
0.13	0.01	-0.04	-0.24999	0.0022689	1.46215e-06	0.000174527	3.07672	34.1243	1.41629
0.14	0.01	-0.04	-0.249989	0.00244343	1.58399e-06	0.000174526	2.22806	40.0455	3.75381
0.15	0.01	-0.04	-0.249987	0.00261796	1.70584e-06	0.000174525	2.21835	41.1337	3.90289
0.16	0.01	-0.04	-0.249985	0.00279248	1.82768e-06	0.000174524	2.54426	42.3877	2.34484
0.17	0.01	-0.04	-0.249983	0.002967	1.94952e-06	0.000174523	2.37544	45.3224	2.90867
0.18	0.01	-0.04	-0.249981	0.00314152	2.07136e-06	0.000174521	2.36325	47.9462	3.57013
0.19	0.01	-0.04	-0.249979	0.00331604	2.1932e-06	0.00017452	2.37566	50.7171	3.07011
0.2	0.01	-0.04	-0.249977	0.00349056	2.31503e-06	0.000174518	2.40289	53.4221	3.0292
0.21	0.01	-0.04	-0.249974	0.00366508	2.43687e-06	0.000174517	2.43135	55.5174	3.31413
0.22	0.01	-0.04	-0.249972	0.00383959	2.55871e-06	0.000174515	2.36699	58.1565	3.21282
0.23	0.01	-0.04	-0.249969	0.00401411	2.68054e-06	0.000174513	2.41311	61.3706	3.20272
0.24	0.01	-0.04	-0.249966	0.00418862	2.80238e-06	0.000174511	2.461	63.99	3.36389
0.25	0.01	-0.04	-0.249963	0.00436313	2.92421e-06	0.000174509	2.41462	66.3805	3.32016
0.26	0.01	-0.04	-0.24996	0.00453763	3.04604e-06	0.000174507	2.43635	69.2972	3.27617
0.27	0.01	-0.04	-0.249957	0.00471214	3.16787e-06	0.000174505	2.48345	72.2642	3.40062
0.28	0.01	-0.04	-0.249954	0.00488664	3.28969e-06	0.000174503	2.47424	74.9561	3.44219
0.29	0.01	-0.04	-0.249951	0.00506114	3.41152e-06	0.000174501	2.48574	77.7296	3.3988
0.3	0.01	-0.04	-0.249947	0.00523564	3.53335e-06	0.000174498	2.52432	80.6384	3.45337
0.31	0.01	-0.04	-0.249943	0.00541014	3.65517e-06	0.000174496	2.53969	83.5088	3.53027
0.32	0.01	-0.04	-0.24994	0.00558463	3.77699e-06	0.000174493	2.55701	86.3861	3.54099
0.33	0.01	-0.04	-0.249936	0.00575912	3.89881e-06	0.000174491	2.59065	89.2975	3.57015
0.34	0.01	-0.04	-0.249932	0.00593361	4.02063e-06	0.000174488	2.61695	92.1974	3.63108
0.35	0.01	-0.04	-0.249928	0.0061081	4.14244e-06	0.000174485	2.6417	95.124	3.66603
0.36	0.01	-0.04	-0.249923	0.00628258	4.26426e-06	0.000174482	2.67393	98.0825	3.69678
0.37	0.01	-0.04	-0.249919	0.00645706	4.38607e-06	0.000174479	2.70475	101.02	3.74114
0.38	0.01	-0.04	-0.249914	0.00663153	4.50788e-06	0.000174476	2.73405	103.954	3.77245
0.39	0.01	-0.04	-0.24991	0.00680601	4.62968e-06	0.000174473	2.76599	106.915	3.79752
0.4	0.01	-0.04	-0.249905	0.00698048	4.75149e-06	0.00017447	2.79873	109.877	3.82976
0.41	0.01	-0.04	-0.2499	0.00715494	4.87329e-06	0.000174467	2.83103	112.826	3.8552
0.42	0.01	-0.04	-0.249895	0.00732941	4.99509e-06	0.000174463	2.86394	115.781	3.87356
0.43	0.01	-0.04	-0.24989	0.00750387	5.11689e-06	0.00017446	2.89798	118.745	3.89569
0.44	0.01	-0.04	-0.249885	0.00767832	5.23869e-06	0.000174456	2.93266	121.706	3.91692
0.45	0.01	-0.04	-0.249879	0.00785277	5.36048e-06	0.000174452	2.96765	124.668	3.93327
0.46	0.01	-0.04	-0.249874	0.00802722	5.48227e-06	0.000174449	3.00355	127.635	3.94991
0.47	0.01	-0.04	-0.249868	0.00820167	5.60406e-06	0.000174445	3.04041	130.604	3.96704
0.48	0.01	-0.04	-0.249863	0.00837611	5.72584e-06	0.000174441	3.07776	133.576	3.98174
0.49	0.01	-0.04	-0.249857	0.00855055	5.84763e-06	0.000174437	3.11581	136.551	3.99524
0.5	0.01	0	-0.249857	0.00855055	0	0	3.15466	139.528	3.99728
0.51	0.01	0	-0.249857	0.00855055	0	0	1.97402	106.358	-8.67356
0.52	0.01	0	-0.249857	0.00855055	0	0	2.40998	122.948	2.16353
0.53	0.01	0	-0.249857	0.00855055	0	0	2.89027	141.425	5.30477
0.54	0.01	0	-0.249857	0.00855055	0	0	2.74771	140.611	1.51249
0.55	0.01	0	-0.249857	0.00855055	0	0	2.32186	130.009	-0.163225
0.56	0.01	0	-0.249857	0.00855055	0	0	2.21024	129.489	0.781303
0.57	0.01	0	-0.249857	0.00855055	0	0	2.41825	138.629	1.85763
0.58	0.01	0	-0.249857	0.00855055	0	0	2.45569	141.841	1.97413
0.59	0.01	0	-0.249857	0.00855055	0	0	2.21227	136.995	0.998967
0.6	0.01	0	-0.249857	0.00855055	0	0	2.10129	135.831	0.49391
0.61	0.01	0	-0.249857	0.00855055	0	0	2.18554	140.106	1.16039
0.62	0.01	0	-0.249857	0.00855055	0	0	2.17693	141.94	1.55657
0.63	0.01	0	-0.249857	0.00855055	0	0	2.06038	140.493	0.982016
0.64	0.01	0	-0.249857	0.00855055	0	0	2.00072	140.316	0.587253
0.65	0.01	0	-0.249857	0.00855055	0	0	1.99813	141.785	0.941958
0.66	0.01	0	-0.249857	0.00855055	0	0	1.96911	142.742	1.10182
0.67	0.01	0	-0.249857	0.00855055	0	0	1.91765	142.825	0.771848
0.68	0.01	0	-0.249857	0.00855055	0	0	1.87387	142.818	0.659712
0.69	0.01	0	-0.249857	0.00855055	0	0	1.84015	143.257	0.766774
0.7	0.01	0	-0.249857	0.00855055	0	0	1.81416	143.933	0.725231
0.71	0.01	0	-0.249857	0.00855055	0	0	1.78396	144.247	0.650531
0.72	0.01	0	-0.249857	0.00855055	0	0	1.74558	144.281	0.6139
0.73	0.01	0	-0.249857	0.00855055	0	0	1.71387	144.533	0.559115
0.74	0.01	0	-0.249857	0.00855055	0	0	1.69173	144.951	0.547968
0.75	0.01	0	-0.249857	0.00855055	0	0	1.66617	145.194	0.541332
0.76	0.01	0	-0.249857	0.00855055	0	0	1.63638	145.304	0.479309
0.77	0.01	0	-0.249857	0.00855055	0	0	1.61168	145.495	0.438747
0.78	0.01	0	-0.249857	0.00855055	0	0	1.59089	145.736	0.437356
0.79	0.01	0	-0.249857	0.00855055	0	0	1.56861	145.915	0.413264
0.8	0.01	0	-0.249857	0.00855055	0	0	1.54631	146.053	0.373869
0.81	0.01	0	-0.249857	0.00855055	0	0	1.5261	146.198	0.351991
0.82	0.01	0	-0.249857	0.00855055	0	0	1.50706	146.352	0.336388
0.83	0.01	0	-0.249857	0.00855055	0	0	1.4886	146.5	0.314252
0.84	0.01	0	-0.249857	0.00855055	0	0	1.47078	146.629	0.292032
0.85	0.01	0	-0.249857	0.00855055	0	0	1.45351	146.745	0.273006
0.86	0.01	0	-0.249857	0.00855055	0	0	1.43702	146.866	0.254668
0.87	0.01	0	-0.249857	0.00855055	0	0	1.42141	146.989	0.237258
0.88	0.01	0	-0.249857	0.00855055	0	0	1.40618	147.098	0.220528
0.89	0.01	0	-0.249857	0.00855055	0	0	1.39122	147.199	0.202887
0.9	0.01	0	-0.249857	0.00855055	0	0	1.37694	147.301	0.186261
0.91	0.01	0	-0.249857	0.00855055	0	0	1.36324	147.401	0.171851
0.92	0.01	0	-0.249857	0.00855055	0	0	1.34982	147.495	0.157217
0.93	0.01	0	-0.249857	0.00855055	0	0	1.33678	147.585	0.142353
0.94	0.01	0	-0.249857	0.00855055	0	0	1.32423	147.674	0.129284
0.95	0.01	0	-0.249857	0.00855055	0	0	1.31207	147.762	0.117368
0.96	0.01	0	-0.249857	0.00855055	0	0	1.30025	147.848	0.105646
0.97	0.01	0	-0.249857	0.00855055	0	0	1.28878	147.932	0.0948439
0.98	0.01	0	-0.249857	0.00855055	0	0	1.27764	148.016	0.0851119
0.99	0.01	0	-0.249857	0.00855055	0	0	1.26681	148.099	0.0760034
1	0.01	-0.04	-0.249851	0.00872498	5.96941e-06	0.000174433	1.25627	148.181	0.0790213
1.01	0.01	-0.04	-0.249845	0.00889941	6.09118e-06	0.000174429	2.47347	184.506	12.7424
1.02	0.01	-0.04	-0.249838	0.00907383	6.21296e-06	0.000174424	2.06633	171.016	1.92675
1.03	0.01	-0.04	-0.249832	0.00924825	6.33473e-06	0.00017442	1.5691	155.543	-1.24148
1.04	0.01	-0.04	-0.249826	0.00942267	6.4565e-06	0.000174416	1.74502	159.391	2.55707
1.05	0.01	-0.04	-0.249819	0.00959708	6.57826e-06	0.000174411	2.2494	173.095	4.25002
1.06	0.01	-0.04	-0.249812	0.00977149	6.70003e-06	0.000174407	2.39569	176.734	3.30754
1.07	0.01	-0.04	-0.249806	0.00994589	6.82178e-06	0.000174402	2.16886	170.65	2.22965
1.08	0.01	-0.04	-0.249799	0.0101203	6.94354e-06	0.000174397	2.14875	170.461	2.10734
1.09	0.01	-0.04	-0.249792	0.0102947	7.06529e-06	0.000174392	2.46193	178.392	3.084
1.1	0.01	-0.04	-0.249784	0.0104691	7.18704e-06	0.000174387	2.61115	182.673	3.60111
1.11	0.01	-0.04	-0.249777	0.0106434	7.30879e-06	0.000174382	2.52625	181.468	2.93557
1.12	0.01	-0.04	-0.24977	0.0108178	7.43053e-06	0.000174377	2.5607	182.684	2.53251
1.13	0.01	-0.04	-0.249762	0.0109922	7.55227e-06	0.000174372	2.72613	187.216	3.10954
1.14	0.01	-0.04	-0.249754	0.0111666	7.674e-06	0.000174367	2.82105	190.491	3.5128
1.15	0.01	-0.04	-0.249747	0.0113409	7.79573e-06	0.000174361	2.85046	192.106	3.15989
1.16	0.01	-0.04	-0.249739	0.0115153	7.91746e-06	0.000174356	2.90846	194.226	2.99663
1.17	0.01	-0.04	-0.249731	0.0116896	8.03918e-06	0.00017435	2.9954	197.226	3.32897
1.18	0.01	-0.04	-0.249722	0.011864	8.1609e-06	0.000174345	3.08235	200.326	3.44604
1.19	0.01	-0.04	-0.249714	0.0120383	8.28262e-06	0.000174339	3.1525	202.98	3.33925
1.2	0.01	-0.04	-0.249706	0.0122126	8.40433e-06	0.000174333	3.20886	205.392	3.38085
1.21	0.01	-0.04	-0.249697	0.012387	8.52604e-06	0.000174328	3.2781	208.164	3.45743
1.22	0.01	-0.04	-0.249689	0.0125613	8.64774e-06	0.000174322	3.35981	211.224	3.49492
1.23	0.01	-0.04	-0.24968	0.0127356	8.76944e-06	0.000174316	3.43041	214.068	3.55091
1.24	0.01	-0.04	-0.249671	0.0129099	8.89114e-06	0.000174309	3.49005	216.742	3.56342
1.25	0.01	-0.04	-0.249662	0.0130842	9.01283e-06	0.000174303	3.55643	219.591	3.56996
1.26	0.01	-0.04	-0.249653	0.0132585	9.13451e-06	0.000174297	3.6294	222.578	3.63268
1.27	0.01	-0.04	-0.249644	0.0134328	9.2562e-06	0.000174291	3.69626	225.484	3.67484
1.28	0.01	-0.04	-0.249634	0.0136071	9.37787e-06	0.000174284	3.75864	228.34	3.67665
1.29	0.01	-0.04	-0.249625	0.0137814	9.49955e-06	0.000174278	3.82397	231.258	3.70093
1.3	0.01	-0.04	-0.249615	0.0139556	9.62121e-06	0.000174271	3.89039	234.22	3.74134
1.31	0.01	-0.04	-0.249605	0.0141299	9.74288e-06	0.000174264	3.955	237.175	3.76405
1.32	0.01	-0.04	-0.249595	0.0143042	9.86454e-06	0.000174257	4.01855	240.123	3.78016
1.33	0.01	-0.04	-0.249585	0.0144784	9.98619e-06	0.00017425	4.0818	243.077	3.803
1.34	0.01	-0.04	-0.249575	0.0146527	1.01078e-05	0.000174244	4.14519	246.051	3.82599
1.35	0.01	-0.04	-0.249565	0.0148269	1.02295e-05	0.000174236	4.20873	249.039	3.84574
1.36	0.01	-0.04	-0.249555	0.0150011	1.03511e-05	0.000174229	4.27155	252.023	3.86487
1.37	0.01	-0.04	-0.249544	0.0151753	1.04728e-05	0.000174222	4.33372	255.006	3.8831
1.38	0.01	-0.04	-0.249534	0.0153496	1.05944e-05	0.000174215	4.39624	258.003	3.90064
1.39	0.01	-0.04	-0.249523	0.0155238	1.0716e-05	0.000174207	4.45896	261.011	3.91921
1.4	0.01	-0.04	-0.249512	0.015698	1.08376e-05	0.0001742	4.52121	264.017	3.93689
1.41	0.01	-0.04	-0.249501	0.0158722	1.09593e-05	0.000174192	4.58326	267.027	3.9524
1.42	0.01	-0.04	-0.24949	0.0160463	1.10809e-05	0.000174185	4.6455	270.044	3.96824
1.43	0.01	-0.04	-0.249479	0.0162205	1.12025e-05	0.000174177	4.70774	273.066	3.98451
1.44	0.01	-0.04	-0.249468	0.0163947	1.13241e-05	0.000174169	4.76984	276.089	3.99914
1.45	0.01	-0.04	-0.249456	0.0165689	1.14457e-05	0.000174161	4.83188	279.116	4.01276
1.46	0.01	-0.04	-0.249445	0.016743	1.15672e-05	0.000174153	4.89392	282.145	4.02639
1.47	0.01	-0.04	-0.249433	0.0169172	1.16888e-05	0.000174145	4.95596	285.177	4.03931
1.48	0.01	-0.04	-0.249421	0.0170913	1.18104e-05	0.000174137	5.01801	288.212	4.05133
1.49	0.01	-0.04	-0.249409	0.0172654	1.1932e-05	0.000174129	5.08005	291.247	4.06294
1.5	0.01	0	-0.249409	0.0172654	0	0	5.14211	294.285	4.06064
1.51	0.01	0	-0.249409	0.0172654	0	0	2.70505	261.059	-8.62526
1.52	0.01	0	-0.249409	0.0172654	0	0	3.57711	277.677	2.1939
1.53	0.01	0	-0.249409	0.0172654	0	0	4.66027	296.284	5.39623
1.54	0.01	0	-0.249409	0.0172654	0	0	4.35186	295.578	1.58956
1.55	0.01	0	-0.249409	0.0172654	0	0	3.39624	285.014	-0.115579
1.56	0.01	0	-0.249409	0.0172654	0	0	3.19322	284.495	0.836303
1.57	0.01	0	-0.249409	0.0172654	0	0	3.68218	293.706	1.91809
1.58	0.01	0	-0.249409	0.0172654	0	0	3.73103	297.05	2.04389
1.59	0.01	0	-0.249409	0.0172654	0	0	3.21	292.264	1.07444
1.6	0.01	0	-0.249409	0.0172654	0	0	3.01371	291.108	0.5537
1.61	0.01	0	-0.249409	0.0172654	0	0	3.20257	295.448	1.22124
1.62	0.01	0	-0.249409	0.0172654	0	0	3.17647	297.387	1.63484
1.63	0.01	0	-0.249409	0.0172654	0	0	2.95246	296.002	1.0604
1.64	0.01	0	-0.249409	0.0172654	0	0	2.85013	295.863	0.655966
1.65	0.01	0	-0.249409	0.0172654	0	0	2.84182	297.39	1.01237
1.66	0.01	0	-0.249409	0.0172654	0	0	2.79854	298.421	1.18125
1.67	0.01	0	-0.249409	0.0172654	0	0	2.71722	298.569	0.851305
1.68	0.01	0	-0.249409	0.0172654	0	0	2.62742	298.614	0.734955
1.69	0.01	0	-0.249409	0.0172654	0	0	2.57017	299.105	0.84482
1.7	0.01	0	-0.249409	0.0172654	0	0	2.54039	299.842	0.806442
1.71	0.01	0	-0.249409	0.0172654	0	0	2.48664	300.222	0.731838
1.72	0.01	0	-0.249409	0.0172654	0	0	2.41764	300.311	0.697033
1.73	0.01	0	-0.249409	0.0172654	0	0	2.37008	300.615	0.643611
1.74	0.01	0	-0.249409	0.0172654	0	0	2.33711	301.095	0.633184
1.75	0.01	0	-0.249409	0.0172654	0	0	2.29557	301.4	0.629868
1.76	0.01	0	-0.249409	0.0172654	0	0	2.24812	301.565	0.570111
1.77	0.01	0	-0.249409	0.0172654	0	0	2.21022	301.812	0.529983
1.78	0.01	0	-0.249409	0.0172654	0	0	2.17902	302.112	0.53107
1.79	0.01	0	-0.249409	0.0172654	0	0	2.14565	302.349	0.509918
1.8	0.01	0	-0.249409	0.0172654	0	0	2.11237	302.543	0.471911
1.81	0.01	0	-0.249409	0.0172654	0	0	2.08235	302.744	0.451745
1.82	0.01	0	-0.249409	0.0172654	0	0	2.05483	302.953	0.438437
1.83	0.01	0	-0.249409	0.0172654	0	0	2.02894	303.156	0.418131
1.84	0.01	0	-0.249409	0.0172654	0	0	2.0038	303.34	0.397669
1.85	0.01	0	-0.249409	0.0172654	0	0	1.97937	303.51	0.380584
1.86	0.01	0	-0.249409	0.0172654	0	0	1.95683	303.685	0.364058
1.87	0.01	0	-0.249409	0.0172654	0	0	1.93595	303.861	0.348476
1.88	0.01	0	-0.249409	0.0172654	0	0	1.9154	304.023	0.333737
1.89	0.01	0	-0.249409	0.0172654	0	0	1.89545	304.175	0.318014
1.9	0.01	0	-0.249409	0.0172654	0	0	1.87684	304.33	0.3032
1.91	0.01	0	-0.249409	0.0172654	0	0	1.85914	304.481	0.290685
1.92	0.01	0	-0.249409	0.0172654	0	0	1.84192	304.625	0.277912
1.93	0.01	0	-0.249409	0.0172654	0	0	1.8254	304.765	0.264705
1.94	0.01	0	-0.249409	0.0172654	0	0	1.80966	304.904	0.253179
1.95	0.01	0	-0.249409	0.0172654	0	0	1.79458	305.04	0.24271
1.96	0.01	0	-0.249409	0.0172654	0	0	1.7801	305.173	0.232222
1.97	0.01	0	-0.249409	0.0172654	0	0	1.76617	305.305	0.222449
1.98	0.01	0	-0.249409	0.0172654	0	0	1.75277	305.434	0.213585
1.99	0.01	0	-0.249409	0.0172654	0	0	1.73991	305.561	0.205145
2	0.01	-0.04	-0.249397	0.0174395	1.20535e-05	0.00017412	1.72751	305.688	0.211367
2.01	0.01	-0.04	-0.249385	0.0176137	1.21751e-05	0.000174112	4.22737	342.195	12.9452
2.02	0.01	-0.04	-0.249373	0.0177878	1.22966e-05	0.000174104	3.40173	328.713	2.11149
2.03	0.01	-0.04	-0.24936	0.0179619	1.24182e-05	0.000174095	2.32	313.257	-1.10148
2.04	0.01	-0.04	-0.249348	0.0181359	1.25397e-05	0.000174086	2.68527	317.126	2.71432
2.05	0.01	-0.04	-0.249335	0.01831	1.26613e-05	0.000174078	3.7426	330.859	4.42933
2.06	0.01	-0.04	-0.249322	0.0184841	1.27828e-05	0.000174069	3.99977	334.561	3.47911
2.07	0.01	-0.04	-0.249309	0.0186581	1.29043e-05	0.00017406	3.51091	328.523	2.40034
2.08	0.01	-0.04	-0.249296	0.0188322	1.30258e-05	0.000174051	3.5014	328.335	2.2781
2.09	0.01	-0.04	-0.249283	0.0190062	1.31474e-05	0.000174042	4.11363	336.286	3.25069
2.1	0.01	-0.04	-0.24927	0.0191803	1.32689e-05	0.000174032	4.36682	340.625	3.77843
2.11	0.01	-0.04	-0.249256	0.0193543	1.33904e-05	0.000174023	4.19688	339.46	3.1158
2.12	0.01	-0.04	-0.249243	0.0195283	1.35118e-05	0.000174014	4.2694	340.683	2.7042
2.13	0.01	-0.04	-0.249229	0.0197023	1.36333e-05	0.000174004	4.56118	345.236	3.28258
2.14	0.01	-0.04	-0.249216	0.0198763	1.37548e-05	0.000173995	4.71713	348.554	3.69341
2.15	0.01	-0.04	-0.249202	0.0200503	1.38763e-05	0.000173985	4.7715	350.2	3.34205
2.16	0.01	-0.04	-0.249188	0.0202243	1.39977e-05	0.000173976	4.86216	352.338	3.17596
2.17	0.01	-0.04	-0.249174	0.0203982	1.41192e-05	0.000173966	4.99657	355.363	3.51
2.18	0.01	-0.04	-0.249159	0.0205722	1.42407e-05	0.000173956	5.14783	358.491	3.63213
2.19	0.01	-0.04	-0.249145	0.0207461	1.43621e-05	0.000173946	5.25937	361.174	3.52675
2.2	0.01	-0.04	-0.249131	0.0209201	1.44835e-05	0.000173936	5.33672	363.611	3.56886
2.21	0.01	-0.04	-0.249116	0.021094	1.4605e-05	0.000173926	5.44699	366.403	3.64849
2.22	0.01	-0.04	-0.249101	0.0212679	1.47264e-05	0.000173916	5.57667	369.487	3.68825
2.23	0.01	-0.04	-0.249086	0.0214418	1.48478e-05	0.000173905	5.67999	372.358	3.74633
2.24	0.01	-0.04	-0.249071	0.0216157	1.49692e-05	0.000173895	5.76733	375.053	3.76216
2.25	0.01	-0.04	-0.249056	0.0217896	1.50906e-05	0.000173885	5.86648	377.922	3.77053
2.26	0.01	-0.04	-0.249041	0.0219635	1.5212e-05	0.000173874	5.97357	380.932	3.83536
2.27	0.01	-0.04	-0.249026	0.0221373	1.53334e-05	0.000173863	6.06996	383.862	3.88141
2.28	0.01	-0.04	-0.24901	0.0223112	1.54548e-05	0.000173853	6.15899	386.738	3.88601
2.29	0.01	-0.04	-0.248995	0.022485	1.55761e-05	0.000173842	6.25141	389.678	3.91271
2.3	0.01	-0.04	-0.248979	0.0226589	1.56975e-05	0.000173831	6.34464	392.661	3.95686
2.31	0.01	-0.04	-0.248963	0.0228327	1.58189e-05	0.00017382	6.43477	395.639	3.98331
2.32	0.01	-0.04	-0.248947	0.0230065	1.59402e-05	0.000173809	6.52238	398.609	4.00287
2.33	0.01	-0.04	-0.248931	0.0231803	1.60616e-05	0.000173798	6.6085	401.584	4.02973
2.34	0.01	-0.04	-0.248915	0.0233541	1.61829e-05	0.000173787	6.69452	404.58	4.05693
2.35	0.01	-0.04	-0.248899	0.0235278	1.63042e-05	0.000173775	6.78041	407.59	4.08087
2.36	0.01	-0.04	-0.248882	0.0237016	1.64255e-05	0.000173764	6.86439	410.596	4.10447
2.37	0.01	-0.04	-0.248866	0.0238754	1.65468e-05	0.000173753	6.94679	413.601	4.1273
2.38	0.01	-0.04	-0.248849	0.0240491	1.66681e-05	0.000173741	7.02949	416.621	4.14943
2.39	0.01	-0.04	-0.248832	0.0242228	1.67894e-05	0.000173729	7.11196	419.65	4.17275
2.4	0.01	-0.04	-0.248815	0.0243966	1.69107e-05	0.000173718	7.1932	422.679	4.19537
2.41	0.01	-0.04	-0.248798	0.0245703	1.7032e-05	0.000173706	7.27382	425.711	4.21586
2.42	0.01	-0.04	-0.248781	0.024744	1.71533e-05	0.000173694	7.35434	428.751	4.2368
2.43	0.01	-0.04	-0.248764	0.0249176	1.72745e-05	0.000173682	7.43442	431.796	4.2584
2.44	0.01	-0.04	-0.248746	0.0250913	1.73958e-05	0.00017367	7.51397	434.843	4.27854
2.45	0.01	-0.04	-0.248729	0.025265	1.7517e-05	0.000173658	7.59312	437.892	4.29784
2.46	0.01	-0.04	-0.248711	0.0254386	1.76383e-05	0.000173646	7.67192	440.945	4.31739
2.47	0.01	-0.04	-0.248694	0.0256122	1.77595e-05	0.000173633	7.75042	444.001	4.33646
2.48	0.01	-0.04	-0.248676	0.0257859	1.78807e-05	0.000173621	7.82866	447.06	4.35486
2.49	0.01	-0.04	-0.248658	0.0259595	1.80019e-05	0.000173608	7.90659	450.121	4.37306
2.5	0.01	-0.04	-0.24864	0.0261331	1.81231e-05	0.000173596	7.98428	453.184	4.391
2.51	0.01	0	-0.24864	0.0261331	0	0	8.06186	456.249	4.39082
2.52	0.01	0	-0.24864	0.0261331	0	0	4.32721	423.018	-8.36021
2.53	0.01	0	-0.24864	0.0261331	0	0	5.64493	439.696	2.49043
2.54	0.01	0	-0.24864	0.0261331	0	0	7.33773	458.301	5.72789
2.55	0.01	0	-0.24864	0.0261331	0	0	6.84807	457.64	1.91162
2.56	0.01	0	-0.24864	0.0261331	0	0	5.34407	447.176	0.204768
2.57	0.01	0	-0.24864	0.0261331	0	0	5.0429	446.697	1.17191
2.58	0.01	0	-0.24864	0.0261331	0	0	5.81197	455.905	2.25497
2.59	0.01	0	-0.24864	0.0261331	0	0	5.86271	459.299	2.38694
2.6	0.01	0	-0.24864	0.0261331	0	0	5.05209	454.599	1.43282
2.61	0.01	0	-0.24864	0.0261331	0	0	4.76526	453.484	0.912258
2.62	0.01	0	-0.24864	0.0261331	0	0	5.05273	457.838	1.58389
2.63	0.01	0	-0.24864	0.0261331	0	0	5.00122	459.834	2.01012
2.64	0.01	0	-0.24864	0.0261331	0	0	4.66387	458.522	1.44365
2.65	0.01	0	-0.24864	0.0261331	0	0	4.51265	458.421	1.04504
2.66	0.01	0	-0.24864	0.0261331	0	0	4.4913	459.987	1.40705
2.67	0.01	0	-0.24864	0.0261331	0	0	4.42844	461.076	1.58418
2.68	0.01	0	-0.24864	0.0261331	0	0	4.31204	461.278	1.26454
2.69	0.01	0	-0.24864	0.0261331	0	0	4.1694	461.372	1.154
2.7	0.01	0	-0.24864	0.0261331	0	0	4.08279	461.914	1.26969
2.71	0.01	0	-0.24864	0.0261331	0	0	4.04416	462.7	1.24098
2.72	0.01	0	-0.24864	0.0261331	0	0	3.96108	463.134	1.17385
2.73	0.01	0	-0.24864	0.0261331	0	0	3.85563	463.279	1.14579
2.74	0.01	0	-0.24864	0.0261331	0	0	3.78701	463.634	1.10086
2.75	0.01	0	-0.24864	0.0261331	0	0	3.73798	464.166	1.09761
2.76	0.01	0	-0.24864	0.0261331	0	0	3.67512	464.526	1.1021
2.77	0.01	0	-0.24864	0.0261331	0	0	3.60512	464.746	1.05109
2.78	0.01	0	-0.24864	0.0261331	0	0	3.5492	465.046	1.01836
2.79	0.01	0	-0.24864	0.0261331	0	0	3.50271	465.4	1.02731
2.8	0.01	0	-0.24864	0.0261331	0	0	3.45365	465.692	1.01481
2.81	0.01	0	-0.24864	0.0261331	0	0	3.40488	465.941	0.984768
2.82	0.01	0	-0.24864	0.0261331	0	0	3.36049	466.196	0.972539
2.83	0.01	0	-0.24864	0.0261331	0	0	3.32	466.46	0.967507
2.84	0.01	0	-0.24864	0.0261331	0	0	3.28229	466.718	0.955282
2.85	0.01	0	-0.24864	0.0261331	0	0	3.24546	466.958	0.942968
2.86	0.01	0	-0.24864	0.0261331	0	0	3.20952	467.183	0.934181
2.87	0.01	0	-0.24864	0.0261331	0	0	3.17668	467.413	0.925918
2.88	0.01	0	-0.24864	0.0261331	0	0	3.14631	467.644	0.918763
2.89	0.01	0	-0.24864	0.0261331	0	0	3.11628	467.862	0.912655
2.9	0.01	0	-0.24864	0.0261331	0	0	3.08723	468.071	0.905644
2.91	0.01	0	-0.24864	0.0261331	0	0	3.06025	468.281	0.899667
2.92	0.01	0	-0.24864	0.0261331	0	0	3.03452	468.489	0.896152
2.93	0.01	0	-0.24864	0.0261331	0	0	3.00953	468.689	0.892493
2.94	0.01	0	-0.24864	0.0261331	0	0	2.98563	468.886	0.888473
2.95	0.01	0	-0.24864	0.0261331	0	0	2.96283	469.081	0.88619
2.96	0.01	0	-0.24864	0.0261331	0	0	2.94099	469.274	0.885009
2.97	0.01	0	-0.24864	0.0261331	0	0	2.92005	469.464	0.883822
2.98	0.01	0	-0.24864	0.0261331	0	0	2.89989	469.652	0.883331
2.99	0.01	0	-0.24864	0.0261331	0	0	2.88047	469.837	0.883721
3	0.01	0	-0.24864	0.0261331	0	0	2.86181	470.021	0.884493
3.01	0.01	-0.04	-0.248621	0.0263067	1.82443e-05	0.000173583	2.84381	470.203	0.904773
3.02	0.01	-0.04	-0.248603	0.0264802	1.83655e-05	0.00017357	6.6534	506.736	13.6919
3.03	0.01	-0.04	-0.248584	0.0266538	1.84867e-05	0.000173558	5.39028	493.3	2.85325
3.04	0.01	-0.04	-0.248566	0.0268273	1.86078e-05	0.000173545	3.70876	477.946	-0.367512
3.05	0.01	-0.04	-0.248547	0.0270009	1.8729e-05	0.000173532	4.26716	481.856	3.46925
3.06	0.01	-0.04	-0.248528	0.0271744	1.88502e-05	0.000173519	5.88383	495.563	5.19662
3.07	0.01	-0.04	-0.248509	0.0273479	1.89713e-05	0.000173505	6.24829	499.296	4.24888
3.08	0.01	-0.04	-0.24849	0.0275214	1.90924e-05	0.000173492	5.4889	493.354	3.18675
3.09	0.01	-0.04	-0.248471	0.0276948	1.92135e-05	0.000173479	5.48898	493.211	3.07501
3.1	0.01	-0.04	-0.248452	0.0278683	1.93347e-05	0.000173465	6.40052	501.151	4.04879
3.11	0.01	-0.04	-0.248432	0.0280418	1.94558e-05	0.000173452	6.7527	505.523	4.59116
3.12	0.01	-0.04	-0.248413	0.0282152	1.95768e-05	0.000173438	6.49478	504.436	3.9406
3.13	0.01	-0.04	-0.248393	0.0283886	1.96979e-05	0.000173425	6.60295	505.69	3.53558
3.14	0.01	-0.04	-0.248373	0.028562	1.9819e-05	0.000173411	7.01657	510.247	4.12284
3.15	0.01	-0.04	-0.248353	0.0287354	1.99401e-05	0.000173397	7.23098	513.608	4.54194
3.16	0.01	-0.04	-0.248333	0.0289088	2.00611e-05	0.000173383	7.30837	515.301	4.20254
3.17	0.01	-0.04	-0.248313	0.0290822	2.01822e-05	0.000173369	7.42739	517.462	4.04712
3.18	0.01	-0.04	-0.248293	0.0292555	2.03032e-05	0.000173355	7.60601	520.515	4.38611
3.19	0.01	-0.04	-0.248272	0.0294289	2.04242e-05	0.000173341	7.81937	523.676	4.51865
3.2	0.01	-0.04	-0.248252	0.0296022	2.05452e-05	0.000173327	7.96899	526.387	4.42571
3.21	0.01	-0.04	-0.248231	0.0297755	2.06662e-05	0.000173312	8.06408	528.857	4.47442
3.22	0.01	-0.04	-0.24821	0.0299488	2.07872e-05	0.000173298	8.21242	531.676	4.56304
3.23	0.01	-0.04	-0.248189	0.0301221	2.09082e-05	0.000173283	8.38705	534.784	4.61356
3.24	0.01	-0.04	-0.248168	0.0302954	2.10292e-05	0.000173269	8.51984	537.683	4.67945
3.25	0.01	-0.04	-0.248147	0.0304686	2.11502e-05	0.000173254	8.63158	540.406	4.70458
3.26	0.01	-0.04	-0.248126	0.0306419	2.12711e-05	0.000173239	8.76027	543.299	4.72227
3.27	0.01	-0.04	-0.248104	0.0308151	2.13921e-05	0.000173225	8.89787	546.332	4.79474
3.28	0.01	-0.04	-0.248083	0.0309883	2.1513e-05	0.00017321	9.02024	549.285	4.84961
3.29	0.01	-0.04	-0.248061	0.0311615	2.16339e-05	0.000173195	9.13251	552.186	4.86301
3.3	0.01	-0.04	-0.24804	0.0313347	2.17548e-05	0.000173179	9.24835	555.147	4.89748
3.31	0.01	-0.04	-0.248018	0.0315078	2.18757e-05	0.000173164	9.36476	558.151	4.9498
3.32	0.01	-0.04	-0.247996	0.031681	2.19966e-05	0.000173149	9.47691	561.149	4.98455
3.33	0.01	-0.04	-0.247974	0.0318541	2.21175e-05	0.000173134	9.585	564.138	5.01203
3.34	0.01	-0.04	-0.247951	0.0320272	2.22384e-05	0.000173118	9.69038	567.132	5.04683
3.35	0.01	-0.04	-0.247929	0.0322003	2.23592e-05	0.000173103	9.79545	570.146	5.08185
3.36	0.01	-0.04	-0.247906	0.0323734	2.24801e-05	0.000173087	9.90013	573.174	5.11342
3.37	0.01	-0.04	-0.247884	0.0325465	2.26009e-05	0.000173071	10.0016	576.196	5.14459
3.38	0.01	-0.04	-0.247861	0.0327196	2.27217e-05	0.000173056	10.1006	579.217	5.17472
3.39	0.01	-0.04	-0.247838	0.0328926	2.28426e-05	0.00017304	10.1998	582.252	5.2039
3.4	0.01	-0.04	-0.247815	0.0330656	2.29634e-05	0.000173024	10.2983	585.295	5.2341
3.41	0.01	-0.04	-0.247792	0.0332386	2.30842e-05	0.000173008	10.3949	588.337	5.26334
3.42	0.01	-0.04	-0.247769	0.0334116	2.32049e-05	0.000172992	10.4903	591.382	5.29024
3.43	0.01	-0.04	-0.247746	0.0335846	2.33257e-05	0.000172975	10.5853	594.433	5.31736
3.44	0.01	-0.04	-0.247722	0.0337576	2.34465e-05	0.000172959	10.6794	597.488	5.34494
3.45	0.01	-0.04	-0.247699	0.0339305	2.35672e-05	0.000172943	10.7727	600.544	5.37091
3.46	0.01	-0.04	-0.247675	0.0341034	2.3688e-05	0.000172926	10.8651	603.603	5.39588
3.47	0.01	-0.04	-0.247651	0.0342763	2.38087e-05	0.00017291	10.9568	606.664	5.42094
3.48	0.01	-0.04	-0.247627	0.0344492	2.39294e-05	0.000172893	11.0479	609.728	5.44545
3.49	0.01	-0.04	-0.247603	0.0346221	2.40501e-05	0.000172876	11.1385	612.793	5.46919
3.5	0.01	-0.04	-0.247579	0.034795	2.41708e-05	0.00017286	11.2285	615.86	5.49265
3.51	0.01	0	-0.247579	0.034795	0	0	11.3181	618.929	5.49155
3.52	0.01	0	-0.247579	0.034795	0	0	6.31578	585.853	-7.26274
3.53	0.01	0	-0.247579	0.034795	0	0	8.07169	602.516	3.59543
3.54	0.01	0	-0.247579	0.034795	0	0	10.355	621.038	6.84372
3.55	0.01	0	-0.247579	0.034795	0	0	9.68128	620.401	3.02223
3.56	0.01	0	-0.247579	0.034795	0	0	7.64121	610.059	1.32417
3.57	0.01	0	-0.247579	0.034795	0	0	7.24425	609.623	2.30191
3.58	0.01	0	-0.247579	0.034795	0	0	8.2819	618.771	3.37701
3.59	0.01	0	-0.247579	0.034795	0	0	8.32895	622.17	3.51242
3.6	0.01	0	-0.247579	0.034795	0	0	7.23675	617.568	2.57269
3.61	0.01	0	-0.247579	0.034795	0	0	6.86205	616.489	2.05115
3.62	0.01	0	-0.247579	0.034795	0	0	7.23856	620.805	2.72261
3.63	0.01	0	-0.247579	0.034795	0	0	7.15943	622.828	3.15295
3.64	0.01	0	-0.247579	0.034795	0	0	6.71294	621.586	2.59117
3.65	0.01	0	-0.247579	0.034795	0	0	6.50997	621.499	2.19942
3.66	0.01	0	-0.247579	0.034795	0	0	6.47124	623.068	2.55978
3.67	0.01	0	-0.247579	0.034795	0	0	6.38821	624.195	2.7365
3.68	0.01	0	-0.247579	0.034795	0	0	6.23467	624.425	2.42676
3.69	0.01	0	-0.247579	0.034795	0	0	6.03729	624.542	2.31816
3.7	0.01	0	-0.247579	0.034795	0	0	5.91987	625.111	2.4314
3.71	0.01	0	-0.247579	0.034795	0	0	5.86955	625.917	2.40902
3.72	0.01	0	-0.247579	0.034795	0	0	5.75551	626.377	2.3453
3.73	0.01	0	-0.247579	0.034795	0	0	5.61257	626.552	2.31729
3.74	0.01	0	-0.247579	0.034795	0	0	5.52117	626.931	2.27662
3.75	0.01	0	-0.247579	0.034795	0	0	5.45427	627.485	2.2758
3.76	0.01	0	-0.247579	0.034795	0	0	5.36853	627.871	2.2817
3.77	0.01	0	-0.247579	0.034795	0	0	5.27482	628.119	2.23445
3.78	0.01	0	-0.247579	0.034795	0	0	5.19927	628.444	2.20422
3.79	0.01	0	-0.247579	0.034795	0	0	5.13566	628.821	2.21492
3.8	0.01	0	-0.247579	0.034795	0	0	5.06951	629.139	2.2054
3.81	0.01	0	-0.247579	0.034795	0	0	5.00377	629.415	2.17813
3.82	0.01	0	-0.247579	0.034795	0	0	4.94343	629.695	2.16818
3.83	0.01	0	-0.247579	0.034795	0	0	4.88853	629.984	2.16566
3.84	0.01	0	-0.247579	0.034795	0	0	4.83758	630.268	2.156
3.85	0.01	0	-0.247579	0.034795	0	0	4.78765	630.532	2.14627
3.86	0.01	0	-0.247579	0.034795	0	0	4.73886	630.782	2.14002
3.87	0.01	0	-0.247579	0.034795	0	0	4.69435	631.038	2.13426
3.88	0.01	0	-0.247579	0.034795	0	0	4.65312	631.294	2.12978
3.89	0.01	0	-0.247579	0.034795	0	0	4.61228	631.537	2.1264
3.9	0.01	0	-0.247579	0.034795	0	0	4.57287	631.771	2.12216
3.91	0.01	0	-0.247579	0.034795	0	0	4.53623	632.006	2.11913
3.92	0.01	0	-0.247579	0.034795	0	0	4.50124	632.239	2.11864
3.93	0.01	0	-0.247579	0.034795	0	0	4.46733	632.466	2.11809
3.94	0.01	0	-0.247579	0.034795	0	0	4.43491	632.688	2.11732
3.95	0.01	0	-0.247579	0.034795	0	0	4.40394	632.908	2.11833
3.96	0.01	0	-0.247579	0.034795	0	0	4.37429	633.126	2.12046
3.97	0.01	0	-0.247579	0.034795	0	0	4.34586	633.342	2.12264
3.98	0.01	0	-0.247579	0.034795	0	0	4.31844	633.555	2.1255
3.99	0.01	0	-0.247579	0.034795	0	0	4.292	633.766	2.12918
