Time  Coordinate0  Coordinate1  DisplacementDeltas00  DisplacementDeltas01  Forces00  Forces01  
0.0100000000000000  0.7500000000000000  0.0012600000482053  0.0000008796459767  -0.0005235987755983  0.1465870934881406  0.0823767263191423  
0.0200000000000000  0.7500000000000000  0.0012600000482053  0.0000005141050729  -0.0005235993897070  0.1162133404345932  0.0753012902164401  
0.0300000000000000  0.7500000000000000  0.0012600000482053  0.0000001485637404  -0.0005235997486201  0.1345908477623213  0.0771298379878836  
0.0400000000000000  0.7500000000000000  0.0012600000482053  -0.0000002169778426  -0.0005235998523371  0.1319608192620781  0.0774663273750209  
0.0500000000000000  0.7500000000000000  0.0012600000482053  -0.0000005825194980  -0.0005235997008580  0.1223500959256290  0.0748975393363943  
0.0600000000000000  0.7500000000000000  0.0012600000482053  -0.0000009480610477  -0.0005235992941827  0.1373377494667689  0.0769256139368725  
0.0700000000000000  0.7500000000000000  0.0012600000482053  -0.0000013136023135  -0.0005235986323112  0.1290435537720493  0.0753633110752028  
0.0800000000000000  0.7500000000000000  0.0012600000482053  -0.0000016791431172  -0.0005235977152438  0.1245569379617060  0.0742904770889787  
0.0900000000000000  0.7500000000000000  0.0012600000482053  -0.0000020446832807  -0.0005235965429808  0.1307495000803216  0.0749034187541851  
0.1000000000000000  0.7500000000000000  0.0012600000482053  -0.0000024102226258  -0.0005235951155226  0.1313530895107832  0.0747774632320267  
0.1100000000000000  0.7500000000000000  0.0012600000482053  -0.0000027757609743  -0.0005235934328697  0.1251726561235501  0.0735381460333164  
0.1200000000000000  0.7500000000000000  0.0012600000482053  -0.0000031412981481  -0.0005235914950230  0.1280036614959794  0.0736596419175697  
0.1300000000000000  0.7500000000000000  0.0012600000482053  -0.0000035068339691  -0.0005235893019832  0.1306244060876563  0.0738534551168265  
0.1400000000000000  0.7500000000000000  0.0012600000482053  -0.0000038723682590  -0.0005235868537512  0.1273725739102716  0.0731466011410811  
0.1500000000000000  0.7500000000000000  0.0012600000482053  -0.0000042379008397  -0.0005235841503282  0.1279693518288468  0.0729948329229349  
0.1600000000000000  0.7500000000000000  0.0012600000482053  -0.0000046034315331  -0.0005235811917153  0.1299046594163521  0.0730567425567241  
0.1700000000000000  0.7500000000000000  0.0012600000482053  -0.0000049689601610  -0.0005235779779138  0.1285952370304797  0.0726670948997636  
0.1800000000000000  0.7500000000000000  0.0012600000482053  -0.0000053344865452  -0.0005235745089252  0.1283659373355460  0.0724283211215749  
0.1900000000000000  0.7500000000000000  0.0012600000482053  -0.0000057000105076  -0.0005235707847510  0.1290016313571993  0.0723035826410341  
0.2000000000000000  0.7500000000000000  0.0012600000482053  -0.0000060655318701  -0.0005235668053930  0.1282928722268264  0.0719956210171780  
0.2100000000000000  0.7500000000000000  0.0012600000482053  -0.0000064310504544  -0.0005235625708529  0.1277389797151170  0.0717135345027485  
0.2200000000000001  0.7500000000000000  0.0012600000482053  -0.0000067965660825  -0.0005235580811327  0.1275155361153763  0.0714702692713206  
0.2300000000000001  0.7500000000000000  0.0012600000482053  -0.0000071620785761  -0.0005235533362345  0.1269410281653915  0.0711822681703598  
0.2400000000000001  0.7500000000000000  0.0012600000482053  -0.0000075275877572  -0.0005235483361604  0.1263341091782708  0.0708939985253815  
0.2500000000000001  0.7500000000000000  0.0012600000482053  -0.0000078930934476  -0.0005235430809127  0.1258117558662970  0.0706123004198168  
0.2600000000000001  0.7500000000000000  0.0012600000482053  -0.0000082585954691  -0.0005235375704940  0.1253202672133915  0.0703411585481227  
0.2700000000000001  0.7500000000000000  0.0012600000482053  -0.0000086240936436  -0.0005235318049067  0.1248410268055748  0.0700781699960533  
0.2800000000000001  0.7500000000000000  0.0012600000482053  -0.0000089895877930  -0.0005235257841535  0.1243352046366406  0.0698081648018855  
0.2900000000000001  0.7500000000000000  0.0012600000482053  -0.0000093550777391  -0.0005235195082373  0.1239111812731493  0.0695532750228173  
0.3000000000000001  0.7500000000000000  0.0012600000482053  -0.0000097205633038  -0.0005235129771610  0.1235322321669585  0.0693109496674499  
0.3100000000000001  0.7500000000000000  0.0012600000482053  -0.0000100860443089  -0.0005235061909276  0.1230881719595177  0.0690590837908711  
0.3200000000000001  0.7500000000000000  0.0012600000482053  -0.0000104515205764  -0.0005234991495403  0.1226690181108894  0.0688118184389016  
0.3300000000000001  0.7500000000000000  0.0012600000482053  -0.0000108169919280  -0.0005234918530025  0.1222735075700480  0.0685714929804490  
0.3400000000000001  0.7500000000000000  0.0012600000482053  -0.0000111824581857  -0.0005234843013175  0.1218143196654315  0.0683231740668870  
0.3500000000000001  0.7500000000000000  0.0012600000482053  -0.0000115479191713  -0.0005234764944889  0.1213385036400428  0.0680730213813507  
0.3600000000000002  0.7500000000000000  0.0012600000482053  -0.0000119133747067  -0.0005234684325205  0.1208621158228650  0.0678246184908072  
0.3700000000000002  0.7500000000000000  0.0012600000482053  -0.0000122788246138  -0.0005234601154159  0.1203431627284560  0.0675713109488753  
0.3800000000000002  0.7500000000000000  0.0012600000482053  -0.0000126442687145  -0.0005234515431792  0.1198030499002923  0.0673155052682241  
0.3900000000000002  0.7500000000000000  0.0012600000482053  -0.0000130097068306  -0.0005234427158144  0.1192608335521473  0.0670605075875967  
0.4000000000000002  0.7500000000000000  0.0012600000482053  -0.0000133751387841  -0.0005234336333257  0.1187031522543328  0.0668042551640674  
0.4100000000000002  0.7500000000000000  0.0012600000482053  -0.0000137405643968  -0.0005234242957173  0.1181380583644856  0.0665473223919841  
0.4200000000000002  0.7500000000000000  0.0012600000482053  -0.0000141059834906  -0.0005234147029937  0.1175795348897122  0.0662918740640585  
0.4300000000000002  0.7500000000000000  0.0012600000482053  -0.0000144713958874  -0.0005234048551594  0.1170249445206718  0.0660375701668286  
0.4400000000000002  0.7500000000000000  0.0012600000482053  -0.0000148368014092  -0.0005233947522192  0.1164750576414844  0.0657841513210480  
0.4500000000000002  0.7500000000000000  0.0012600000482053  -0.0000152021998777  -0.0005233843941778  0.1159354439670152  0.0655323980409662  
0.4600000000000002  0.7500000000000000  0.0012600000482053  -0.0000155675911150  -0.0005233737810401  0.1154050151801780  0.0652823036108886  
0.4700000000000003  0.7500000000000000  0.0012600000482053  -0.0000159329749429  -0.0005233629128113  0.1148814523775837  0.0650334598811079  
0.4800000000000003  0.7500000000000000  0.0012600000482053  -0.0000162983511834  -0.0005233517894964  0.1143645204104632  0.0647858810334643  
0.4900000000000003  0.7500000000000000  0.0012600000482053  -0.0000166637196583  -0.0005233404111008  0.1138526912323496  0.0645395337935932  
0.5000000000000002  0.7500000000000000  0.0012600000482053  0.0000000000000000  0.0000000000000000  0.1133437058763377  0.0642941935766232  
0.5100000000000002  0.7500000000000000  0.0012600000482053  0.0000000000000000  0.0000000000000000  0.1217727889950072  0.0652852546160412  
0.5200000000000002  0.7500000000000000  0.0012600000482053  0.0000000000000000  0.0000000000000000  0.1176700257491684  0.0652905866248506  
0.5300000000000002  0.7500000000000000  0.0012600000482053  0.0000000000000000  0.0000000000000000  0.1143566229876044  0.0643888171936616  
0.5400000000000003  0.7500000000000000  0.0012600000482053  0.0000000000000000  0.0000000000000000  0.1144410798012982  0.0642417312796123  
0.5500000000000003  0.7500000000000000  0.0012600000482053  0.0000000000000000  0.0000000000000000  0.1134955515120319  0.0640461235152523  
0.5600000000000003  0.7500000000000000  0.0012600000482053  0.0000000000000000  0.0000000000000000  0.1128124451145966  0.0638342705254991  
0.5700000000000003  0.7500000000000000  0.0012600000482053  0.0000000000000000  0.0000000000000000  0.1121058399962105  0.0636257795719782  
0.5800000000000003  0.7500000000000000  0.0012600000482053  0.0000000000000000  0.0000000000000000  0.1112219320868568  0.0634065571738233  
0.5900000000000003  0.7500000000000000  0.0012600000482053  0.0000000000000000  0.0000000000000000  0.1104717110657059  0.0631750007641569  
0.6000000000000003  0.7500000000000000  0.0012600000482053  0.0000000000000000  0.0000000000000000  0.1100314945157274  0.0630112604956654  
0.6100000000000003  0.7500000000000000  0.0012600000482053  0.0000000000000000  0.0000000000000000  0.1095538468419641  0.0628764889295766  
0.6200000000000003  0.7500000000000000  0.0012600000482053  0.0000000000000000  0.0000000000000000  0.1088158069820457  0.0626757044175605  
0.6300000000000003  0.7500000000000000  0.0012600000482053  0.0000000000000000  0.0000000000000000  0.1082751497740026  0.0624918616674744  
0.6400000000000003  0.7500000000000000  0.0012600000482053  0.0000000000000000  0.0000000000000000  0.1078716492414818  0.0623526181772216  
0.6500000000000004  0.7500000000000000  0.0012600000482053  0.0000000000000000  0.0000000000000000  0.1073971219497546  0.0622095053604064  
0.6600000000000004  0.7500000000000000  0.0012600000482053  0.0000000000000000  0.0000000000000000  0.1068344463149947  0.0620443192290302  
0.6700000000000004  0.7500000000000000  0.0012600000482053  0.0000000000000000  0.0000000000000000  0.1063760949868609  0.0618931970966285  
0.6800000000000004  0.7500000000000000  0.0012600000482053  0.0000000000000000  0.0000000000000000  0.1059609019355333  0.0617587064337721  
0.6900000000000004  0.7500000000000000  0.0012600000482053  0.0000000000000000  0.0000000000000000  0.1054737998266254  0.0616165908697523  
0.7000000000000004  0.7500000000000000  0.0012600000482053  0.0000000000000000  0.0000000000000000  0.1050174758090916  0.0614757656261745  
0.7100000000000004  0.7500000000000000  0.0012600000482053  0.0000000000000000  0.0000000000000000  0.1045798983949838  0.0613403800711068  
0.7200000000000004  0.7500000000000000  0.0012600000482053  0.0000000000000000  0.0000000000000000  0.1041167085798131  0.0612034213308481  
0.7300000000000004  0.7500000000000000  0.0012600000482053  0.0000000000000000  0.0000000000000000  0.1036698985286351  0.0610682837981193  
0.7400000000000004  0.7500000000000000  0.0012600000482053  0.0000000000000000  0.0000000000000000  0.1032306489758347  0.0609356723090977  
0.7500000000000004  0.7500000000000000  0.0012600000482053  0.0000000000000000  0.0000000000000000  0.1027691639316764  0.0608001433271262  
0.7600000000000005  0.7500000000000000  0.0012600000482053  0.0000000000000000  0.0000000000000000  0.1023141298669673  0.0606642639315935  
0.7700000000000005  0.7500000000000000  0.0012600000482053  0.0000000000000000  0.0000000000000000  0.1018699200337043  0.0605312404270335  
0.7800000000000005  0.7500000000000000  0.0012600000482053  0.0000000000000000  0.0000000000000000  0.1014139179595275  0.0603974647287258  
0.7900000000000005  0.7500000000000000  0.0012600000482053  0.0000000000000000  0.0000000000000000  0.1009538702814825  0.0602622145558340  
0.8000000000000005  0.7500000000000000  0.0012600000482053  0.0000000000000000  0.0000000000000000  0.1005001709794484  0.0601284221521983  
0.8100000000000005  0.7500000000000000  0.0012600000482053  0.0000000000000000  0.0000000000000000  0.1000452439222985  0.0599955907856181  
0.8200000000000005  0.7500000000000000  0.0012600000482053  0.0000000000000000  0.0000000000000000  0.0995875839267114  0.0598626005916731  
0.8300000000000005  0.7500000000000000  0.0012600000482053  0.0000000000000000  0.0000000000000000  0.0991319052910189  0.0597304011019433  
0.8400000000000005  0.7500000000000000  0.0012600000482053  0.0000000000000000  0.0000000000000000  0.0986782714211605  0.0595993279194998  
0.8500000000000005  0.7500000000000000  0.0012600000482053  0.0000000000000000  0.0000000000000000  0.0982256527439071  0.0594690361790086  
0.8600000000000005  0.7500000000000000  0.0012600000482053  0.0000000000000000  0.0000000000000000  0.0977753299597462  0.0593397480802051  
0.8700000000000006  0.7500000000000000  0.0012600000482053  0.0000000000000000  0.0000000000000000  0.0973281598255195  0.0592116464024726  
0.8800000000000006  0.7500000000000000  0.0012600000482053  0.0000000000000000  0.0000000000000000  0.0968834220821949  0.0590845550909423  
0.8900000000000006  0.7500000000000000  0.0012600000482053  0.0000000000000000  0.0000000000000000  0.0964417105775236  0.0589585406778431  
0.9000000000000006  0.7500000000000000  0.0012600000482053  0.0000000000000000  0.0000000000000000  0.0960037953929175  0.0588337613553765  
0.9100000000000006  0.7500000000000000  0.0012600000482053  0.0000000000000000  0.0000000000000000  0.0955688220173900  0.0587100605081200  
0.9200000000000006  0.7500000000000000  0.0012600000482053  0.0000000000000000  0.0000000000000000  0.0951367036817122  0.0585873574260850  
0.9300000000000006  0.7500000000000000  0.0012600000482053  0.0000000000000000  0.0000000000000000  0.0947080069249067  0.0584657454558199  
0.9400000000000006  0.7500000000000000  0.0012600000482053  0.0000000000000000  0.0000000000000000  0.0942823245088914  0.0583451679142554  
0.9500000000000006  0.7500000000000000  0.0012600000482053  0.0000000000000000  0.0000000000000000  0.0938591814913587  0.0582255060952756  
0.9600000000000006  0.7500000000000000  0.0012600000482053  0.0000000000000000  0.0000000000000000  0.0934387698266419  0.0581067496276574  
0.9700000000000006  0.7500000000000000  0.0012600000482053  0.0000000000000000  0.0000000000000000  0.0930209870426564  0.0579888825340982  
0.9800000000000006  0.7500000000000000  0.0012600000482053  0.0000000000000000  0.0000000000000000  0.0926055175530359  0.0578718282615097  
0.9900000000000007  0.7500000000000000  0.0012600000482053  0.0000000000000000  0.0000000000000000  0.0921923852135607  0.0577555539734777  
1.0000000000000007  0.7500000000000000  0.0012600000482053  -0.0000170290801896  -0.0005233287776298  0.0917815791917700  0.0576400515904994  
1.0100000000000007  0.7500000000000000  0.0012600000482053  -0.0000173944325992  -0.0005233168890891  0.0829709284172375  0.0563737259870030  
1.0200000000000007  0.7500000000000000  0.0012600000482053  -0.0000177597767090  -0.0005233047454843  0.0859288991651114  0.0560159580487797  
1.0300000000000007  0.7500000000000000  0.0012600000482053  -0.0000181251123410  -0.0005232923468212  0.0882454587602601  0.0565496140214306  
1.0400000000000007  0.7500000000000000  0.0012600000482053  -0.0000184904393171  -0.0005232796931057  0.0871775654153054  0.0563537645729487  
1.0500000000000007  0.7500000000000000  0.0012600000482053  -0.0000188557574593  -0.0005232667843438  0.0871740386129365  0.0562043865238024  
1.0600000000000007  0.7500000000000000  0.0012600000482053  -0.0000192210665894  -0.0005232536205418  0.0869251852658141  0.0560753205731542  
1.0700000000000007  0.7500000000000000  0.0012600000482053  -0.0000195863665294  -0.0005232402017059  0.0866872372041105  0.0559427997842515  
1.0800000000000007  0.7500000000000000  0.0012600000482053  -0.0000199516571014  -0.0005232265278425  0.0866417722576025  0.0558230879463717  
1.0900000000000007  0.7500000000000000  0.0012600000482053  -0.0000203169381272  -0.0005232125989582  0.0864630395101011  0.0557171899808695  
1.1000000000000008  0.7500000000000000  0.0012600000482053  -0.0000206822094287  -0.0005231984150596  0.0860070675398907  0.0555515427810362  
1.1100000000000008  0.7500000000000000  0.0012600000482053  -0.0000210474708281  -0.0005231839761536  0.0856101998520306  0.0553610097932795  
1.1200000000000008  0.7500000000000000  0.0012600000482053  -0.0000214127221472  -0.0005231692822470  0.0854539157754698  0.0552330362098482  
1.1300000000000008  0.7500000000000000  0.0012600000482053  -0.0000217779632080  -0.0005231543333468  0.0851090445440082  0.0550925365000036  
1.1400000000000008  0.7500000000000000  0.0012600000482053  -0.0000221431938326  -0.0005231391294603  0.0846518963532751  0.0549134119116915  
1.1500000000000008  0.7500000000000000  0.0012600000482053  -0.0000225084138428  -0.0005231236705948  0.0842700549703310  0.0547396129680926  
1.1600000000000008  0.7500000000000000  0.0012600000482053  -0.0000228736230606  -0.0005231079567575  0.0839670867508153  0.0545875573057741  
1.1700000000000008  0.7500000000000000  0.0012600000482053  -0.0000232388213082  -0.0005230919879562  0.0835660654852056  0.0544249695307108  
1.1800000000000008  0.7500000000000000  0.0012600000482053  -0.0000236040084074  -0.0005230757641983  0.0831327519897242  0.0542493678521899  
1.1900000000000008  0.7500000000000000  0.0012600000482053  -0.0000239691841803  -0.0005230592854918  0.0827677782228667  0.0540817915954194  
1.2000000000000008  0.7500000000000000  0.0012600000482053  -0.0000243343484489  -0.0005230425518445  0.0823683624915070  0.0539144693731901  
1.2100000000000009  0.7500000000000000  0.0012600000482053  -0.0000246995010352  -0.0005230255632644  0.0819551836856989  0.0537441850452939  
1.2200000000000009  0.7500000000000000  0.0012600000482053  -0.0000250646417613  -0.0005230083197597  0.0815661876264620  0.0535764474366646  
1.2300000000000009  0.7500000000000000  0.0012600000482053  -0.0000254297704491  -0.0005229908213387  0.0811581315241788  0.0534082236622231  
1.2400000000000009  0.7500000000000000  0.0012600000482053  -0.0000257948869207  -0.0005229730680098  0.0807452718864357  0.0532393300842385  
1.2500000000000009  0.7500000000000000  0.0012600000482053  -0.0000261599909981  -0.0005229550597816  0.0803541510865463  0.0530742570623090  
1.2600000000000009  0.7500000000000000  0.0012600000482053  -0.0000265250825034  -0.0005229367966626  0.0799556263480985  0.0529108266940946  
1.2700000000000009  0.7500000000000000  0.0012600000482053  -0.0000268901612587  -0.0005229182786616  0.0795497103016033  0.0527464775223780  
1.2800000000000009  0.7500000000000000  0.0012600000482053  -0.0000272552270860  -0.0005228995057876  0.0791576521218973  0.0525842505909799  
1.2900000000000009  0.7500000000000000  0.0012600000482053  -0.0000276202798073  -0.0005228804780495  0.0787706689158510  0.0524248936534361  
1.3000000000000009  0.7500000000000000  0.0012600000482053  -0.0000279853192447  -0.0005228611954566  0.0783808489691897  0.0522660607450184  
1.3100000000000009  0.7500000000000000  0.0012600000482053  -0.0000283503452204  -0.0005228416580181  0.0779957911462682  0.0521081091923113  
1.3200000000000010  0.7500000000000000  0.0012600000482053  -0.0000287153575564  -0.0005228218657434  0.0776162191357520  0.0519520784426393  
1.3300000000000010  0.7500000000000000  0.0012600000482053  -0.0000290803560747  -0.0005228018186420  0.0772381420396982  0.0517972585893567  
1.3400000000000010  0.7500000000000000  0.0012600000482053  -0.0000294453405975  -0.0005227815167235  0.0768616763443332  0.0516433265863592  
1.3500000000000010  0.7500000000000000  0.0012600000482053  -0.0000298103109470  -0.0005227609599978  0.0764876816132188  0.0514906029766842  
1.3600000000000010  0.7500000000000000  0.0012600000482053  -0.0000301752669451  -0.0005227401484747  0.0761150219835327  0.0513389102496331  
1.3700000000000010  0.7500000000000000  0.0012600000482053  -0.0000305402084140  -0.0005227190821643  0.0757429784814131  0.0511880893124201  
1.3800000000000010  0.7500000000000000  0.0012600000482053  -0.0000309051351759  -0.0005226977610766  0.0753724107282786  0.0510383052589116  
1.3900000000000010  0.7500000000000000  0.0012600000482053  -0.0000312700470528  -0.0005226761852221  0.0750028001600277  0.0508894785366394  
1.4000000000000010  0.7500000000000000  0.0012600000482053  -0.0000316349438670  -0.0005226543546109  0.0746335984704548  0.0507414923052723  
1.4100000000000010  0.7500000000000000  0.0012600000482053  -0.0000319998254405  -0.0005226322692538  0.0742658383599809  0.0505944782458286  
1.4200000000000010  0.7500000000000000  0.0012600000482053  -0.0000323646915955  -0.0005226099291612  0.0738996828903001  0.0504485241991658  
1.4300000000000010  0.7500000000000000  0.0012600000482053  -0.0000327295421542  -0.0005225873343440  0.0735346794616811  0.0503035425938870  
1.4400000000000011  0.7500000000000000  0.0012600000482053  -0.0000330943769388  -0.0005225644848131  0.0731714117007358  0.0501595982910859  
1.4500000000000011  0.7500000000000000  0.0012600000482053  -0.0000334591957713  -0.0005225413805794  0.0728102997074850  0.0500167876551496  
1.4600000000000011  0.7500000000000000  0.0012600000482053  -0.0000338239984741  -0.0005225180216542  0.0724511168600030  0.0498751225805387  
1.4700000000000011  0.7500000000000000  0.0012600000482053  -0.0000341887848692  -0.0005224944080486  0.0720939838233301  0.0497346232511666  
1.4800000000000011  0.7500000000000000  0.0012600000482053  -0.0000345535547790  -0.0005224705397741  0.0717391351393200  0.0495953456172426  
1.4900000000000011  0.7500000000000000  0.0012600000482053  -0.0000349183080255  -0.0005224464168421  0.0713864403037421  0.0494573114338799  
1.5000000000000011  0.7500000000000000  0.0012600000482053  0.0000000000000000  0.0000000000000000  0.0710358959974041  0.0493205236646230  
1.5100000000000011  0.7500000000000000  0.0012600000482053  0.0000000000000000  0.0000000000000000  0.0783647854366295  0.0499856858603533  
1.5200000000000011  0.7500000000000000  0.0012600000482053  0.0000000000000000  0.0000000000000000  0.0748369462065559  0.0501897081006200  
1.5300000000000011  0.7500000000000000  0.0012600000482053  0.0000000000000000  0.0000000000000000  0.0718387565014285  0.0495023296537717  
1.5400000000000011  0.7500000000000000  0.0012600000482053  0.0000000000000000  0.0000000000000000  0.0722307786744777  0.0494220917043192  
1.5500000000000012  0.7500000000000000  0.0012600000482053  0.0000000000000000  0.0000000000000000  0.0714828536334565  0.0493269386322813  
1.5600000000000012  0.7500000000000000  0.0012600000482053  0.0000000000000000  0.0000000000000000  0.0710344778059259  0.0492104083689113  
1.5700000000000012  0.7500000000000000  0.0012600000482053  0.0000000000000000  0.0000000000000000  0.0705842674717123  0.0490997924846185  
1.5800000000000012  0.7500000000000000  0.0012600000482053  0.0000000000000000  0.0000000000000000  0.0699014474404520  0.0489796891258760  
1.5900000000000012  0.7500000000000000  0.0012600000482053  0.0000000000000000  0.0000000000000000  0.0693876682022462  0.0488471166597475  
1.6000000000000012  0.7500000000000000  0.0012600000482053  0.0000000000000000  0.0000000000000000  0.0691677551101249  0.0487692557819996  
1.6100000000000012  0.7500000000000000  0.0012600000482053  0.0000000000000000  0.0000000000000000  0.0688267293496653  0.0487125955045332  
1.6200000000000012  0.7500000000000000  0.0012600000482053  0.0000000000000000  0.0000000000000000  0.0682751982934636  0.0486045753260084  
1.6300000000000012  0.7500000000000000  0.0012600000482053  0.0000000000000000  0.0000000000000000  0.0679456460323903  0.0485086900151087  
1.6400000000000012  0.7500000000000000  0.0012600000482053  0.0000000000000000  0.0000000000000000  0.0676959438854726  0.0484465340358027  
1.6500000000000012  0.7500000000000000  0.0012600000482053  0.0000000000000000  0.0000000000000000  0.0673650172033488  0.0483817641166369  
1.6600000000000013  0.7500000000000000  0.0012600000482053  0.0000000000000000  0.0000000000000000  0.0669753375486655  0.0483003903045737  
1.6700000000000013  0.7500000000000000  0.0012600000482053  0.0000000000000000  0.0000000000000000  0.0666876110586268  0.0482291482492032  
1.6800000000000013  0.7500000000000000  0.0012600000482053  0.0000000000000000  0.0000000000000000  0.0664188192906717  0.0481702211044415  
1.6900000000000013  0.7500000000000000  0.0012600000482053  0.0000000000000000  0.0000000000000000  0.0660866048675500  0.0481065389520498  
1.7000000000000013  0.7500000000000000  0.0012600000482053  0.0000000000000000  0.0000000000000000  0.0658011948033966  0.0480445807778086  
1.7100000000000013  0.7500000000000000  0.0012600000482053  0.0000000000000000  0.0000000000000000  0.0655237396562648  0.0479861545127630  
1.7200000000000013  0.7500000000000000  0.0012600000482053  0.0000000000000000  0.0000000000000000  0.0652259607542324  0.0479274040728269  
1.7300000000000013  0.7500000000000000  0.0012600000482053  0.0000000000000000  0.0000000000000000  0.0649574126595984  0.0478712780984596  
1.7400000000000013  0.7500000000000000  0.0012600000482053  0.0000000000000000  0.0000000000000000  0.0646938585898544  0.0478172233261560  
1.7500000000000013  0.7500000000000000  0.0012600000482053  0.0000000000000000  0.0000000000000000  0.0644127199584561  0.0477616478125939  
1.7600000000000013  0.7500000000000000  0.0012600000482053  0.0000000000000000  0.0000000000000000  0.0641479521676729  0.0477067556336876  
1.7700000000000014  0.7500000000000000  0.0012600000482053  0.0000000000000000  0.0000000000000000  0.0638933109989644  0.0476544507773669  
1.7800000000000014  0.7500000000000000  0.0012600000482053  0.0000000000000000  0.0000000000000000  0.0636281164178307  0.0476021324929180  
1.7900000000000014  0.7500000000000000  0.0012600000482053  0.0000000000000000  0.0000000000000000  0.0633645257468024  0.0475492506996992  
1.8000000000000014  0.7500000000000000  0.0012600000482053  0.0000000000000000  0.0000000000000000  0.0631073337791170  0.0474976759806998  
1.8100000000000014  0.7500000000000000  0.0012600000482053  0.0000000000000000  0.0000000000000000  0.0628482855897993  0.0474471048641800  
1.8200000000000014  0.7500000000000000  0.0012600000482053  0.0000000000000000  0.0000000000000000  0.0625881960770650  0.0473966387595311  
1.8300000000000014  0.7500000000000000  0.0012600000482053  0.0000000000000000  0.0000000000000000  0.0623301935496954  0.0473467867565280  
1.8400000000000014  0.7500000000000000  0.0012600000482053  0.0000000000000000  0.0000000000000000  0.0620737589010318  0.0472978335621695  
1.8500000000000014  0.7500000000000000  0.0012600000482053  0.0000000000000000  0.0000000000000000  0.0618184801756533  0.0472494965710119  
1.8600000000000014  0.7500000000000000  0.0012600000482053  0.0000000000000000  0.0000000000000000  0.0615654910740822  0.0472018986814721  
1.8700000000000014  0.7500000000000000  0.0012600000482053  0.0000000000000000  0.0000000000000000  0.0613154611989513  0.0471551917243055  
1.8800000000000014  0.7500000000000000  0.0012600000482053  0.0000000000000000  0.0000000000000000  0.0610675928244348  0.0471092203399994  
1.8900000000000015  0.7500000000000000  0.0012600000482053  0.0000000000000000  0.0000000000000000  0.0608225375035978  0.0470640449909724  
1.9000000000000015  0.7500000000000000  0.0012600000482053  0.0000000000000000  0.0000000000000000  0.0605808207235669  0.0470198050853615  
1.9100000000000015  0.7500000000000000  0.0012600000482053  0.0000000000000000  0.0000000000000000  0.0603413028382526  0.0469763730246766  
1.9200000000000015  0.7500000000000000  0.0012600000482053  0.0000000000000000  0.0000000000000000  0.0601039116462566  0.0469336498313596  
1.9300000000000015  0.7500000000000000  0.0012600000482053  0.0000000000000000  0.0000000000000000  0.0598690675639651  0.0468917284578752  
1.9400000000000015  0.7500000000000000  0.0012600000482053  0.0000000000000000  0.0000000000000000  0.0596360844431608  0.0468505507369129  
1.9500000000000015  0.7500000000000000  0.0012600000482053  0.0000000000000000  0.0000000000000000  0.0594045855655245  0.0468100052395452  
1.9600000000000015  0.7500000000000000  0.0012600000482053  0.0000000000000000  0.0000000000000000  0.0591748388125238  0.0467700791943039  
1.9700000000000015  0.7500000000000000  0.0012600000482053  0.0000000000000000  0.0000000000000000  0.0589467195347205  0.0467307593665845  
1.9800000000000015  0.7500000000000000  0.0012600000482053  0.0000000000000000  0.0000000000000000  0.0587200781524554  0.0466919861722701  
1.9900000000000015  0.7500000000000000  0.0012600000482053  0.0000000000000000  0.0000000000000000  0.0584951533184532  0.0466537359240014  
2.0000000000000013  0.7500000000000000  0.0012600000482053  -0.0000352830444311  -0.0005224220392643  0.0582720594665083  0.0466159888156538  
2.0100000000000011  0.7500000000000000  0.0012600000482053  -0.0000356477638179  -0.0005223974070525  0.0508054558465631  0.0458161223264410  
2.0200000000000009  0.7500000000000000  0.0012600000482053  -0.0000360124660082  -0.0005223725202185  0.0535772450424987  0.0454470145379855  
2.0300000000000007  0.7500000000000000  0.0012600000482053  -0.0000363771508242  -0.0005223473787744  0.0559778758838261  0.0459664446859186  
2.0400000000000005  0.7500000000000000  0.0012600000482053  -0.0000367418180881  -0.0005223219827322  0.0549629237883590  0.0458880802310008  
2.0500000000000003  0.7500000000000000  0.0012600000482053  -0.0000371064676223  -0.0005222963321043  0.0551454813349783  0.0458253858826955  
2.0600000000000001  0.7500000000000000  0.0012600000482053  -0.0000374710992489  -0.0005222704269029  0.0550123008208742  0.0457848410587244  
2.0699999999999998  0.7500000000000000  0.0012600000482053  -0.0000378357127903  -0.0005222442671407  0.0548934148678600  0.0457394317329147  
2.0799999999999996  0.7500000000000000  0.0012600000482053  -0.0000382003080688  -0.0005222178528301  0.0550125539635275  0.0457039548619033  
2.0899999999999994  0.7500000000000000  0.0012600000482053  -0.0000385648849066  -0.0005221911839841  0.0549544011519157  0.0456815506713194  
2.0999999999999992  0.7500000000000000  0.0012600000482053  -0.0000389294431260  -0.0005221642606154  0.0546278965083446  0.0456090476938533  
2.1099999999999990  0.7500000000000000  0.0012600000482053  -0.0000392939825494  -0.0005221370827371  0.0544438759408504  0.0455179058921881  
2.1199999999999988  0.7500000000000000  0.0012600000482053  -0.0000396585029990  -0.0005221096503622  0.0544487742742315  0.0454760092189972  
2.1299999999999986  0.7500000000000000  0.0012600000482053  -0.0000400230042972  -0.0005220819635040  0.0542337910457028  0.0454248856493830  
2.1399999999999983  0.7500000000000000  0.0012600000482053  -0.0000403874862663  -0.0005220540221760  0.0539619864999014  0.0453437538116434  
2.1499999999999981  0.7500000000000000  0.0012600000482053  -0.0000407519487287  -0.0005220258263915  0.0537769709708703  0.0452663003142181  
2.1599999999999979  0.7500000000000000  0.0012600000482053  -0.0000411163915068  -0.0005219973761642  0.0536434711077531  0.0452055589740196  
2.1699999999999977  0.7500000000000000  0.0012600000482053  -0.0000414808144228  -0.0005219686715079  0.0534155870985352  0.0451374522989049  
2.1799999999999975  0.7500000000000000  0.0012600000482053  -0.0000418452172992  -0.0005219397124364  0.0531847995058909  0.0450597450307077  
2.1899999999999973  0.7500000000000000  0.0012600000482053  -0.0000422095999584  -0.0005219104989636  0.0530184650789739  0.0449874419794988  
2.1999999999999971  0.7500000000000000  0.0012600000482053  -0.0000425739622227  -0.0005218810311038  0.0528064703713843  0.0449152937631385  
2.2099999999999969  0.7500000000000000  0.0012600000482053  -0.0000429383039145  -0.0005218513088712  0.0525979001397920  0.0448418891394447  
2.2199999999999966  0.7500000000000000  0.0012600000482053  -0.0000433026248564  -0.0005218213322800  0.0524127065744213  0.0447700213647753  
2.2299999999999964  0.7500000000000000  0.0012600000482053  -0.0000436669248706  -0.0005217911013449  0.0521993351646162  0.0446972169366649  
2.2399999999999962  0.7500000000000000  0.0012600000482053  -0.0000440312037796  -0.0005217606160804  0.0519882484111436  0.0446242305893911  
2.2499999999999960  0.7500000000000000  0.0012600000482053  -0.0000443954614059  -0.0005217298765012  0.0517971634003829  0.0445538570302921  
2.2599999999999958  0.7500000000000000  0.0012600000482053  -0.0000447596975720  -0.0005216988826222  0.0515904406581750  0.0444842150455975  
2.2699999999999956  0.7500000000000000  0.0012600000482053  -0.0000451239121002  -0.0005216676344584  0.0513791039114717  0.0444136843993046  
2.2799999999999954  0.7500000000000000  0.0012600000482053  -0.0000454881048131  -0.0005216361320249  0.0511818395877637  0.0443442929909492  
2.2899999999999952  0.7500000000000000  0.0012600000482053  -0.0000458522755331  -0.0005216043753369  0.0509847830738547  0.0442766483888245  
2.2999999999999949  0.7500000000000000  0.0012600000482053  -0.0000462164240828  -0.0005215723644098  0.0507858701711074  0.0442091687388156  
2.3099999999999947  0.7500000000000000  0.0012600000482053  -0.0000465805502847  -0.0005215400992591  0.0505933133726944  0.0441419515792720  
2.3199999999999945  0.7500000000000000  0.0012600000482053  -0.0000469446539612  -0.0005215075799003  0.0504052648201175  0.0440758789727865  
2.3299999999999943  0.7500000000000000  0.0012600000482053  -0.0000473087349350  -0.0005214748063492  0.0502194247524202  0.0440105170273710  
2.3399999999999941  0.7500000000000000  0.0012600000482053  -0.0000476727930284  -0.0005214417786216  0.0500364508901573  0.0439455987465848  
2.3499999999999939  0.7500000000000000  0.0012600000482053  -0.0000480368280642  -0.0005214084967335  0.0498564031403941  0.0438813886887378  
2.3599999999999937  0.7500000000000000  0.0012600000482053  -0.0000484008398649  -0.0005213749607010  0.0496781748819898  0.0438177761953848  
2.3699999999999934  0.7500000000000000  0.0012600000482053  -0.0000487648282529  -0.0005213411705404  0.0495011145861463  0.0437546203179537  
2.3799999999999932  0.7500000000000000  0.0012600000482053  -0.0000491287930510  -0.0005213071262679  0.0493259194092186  0.0436920670932553  
2.3899999999999930  0.7500000000000000  0.0012600000482053  -0.0000494927340817  -0.0005212728279000  0.0491518421615054  0.0436300247348939  
2.3999999999999928  0.7500000000000000  0.0012600000482053  -0.0000498566511676  -0.0005212382754534  0.0489784516837945  0.0435683798370781  
2.4099999999999926  0.7500000000000000  0.0012600000482053  -0.0000502205441314  -0.0005212034689447  0.0488069896450940  0.0435072382952748  
2.4199999999999924  0.7500000000000000  0.0012600000482053  -0.0000505844127956  -0.0005211684083909  0.0486374664842665  0.0434466614100045  
2.4299999999999922  0.7500000000000000  0.0012600000482053  -0.0000509482569830  -0.0005211330938087  0.0484695770658397  0.0433865595268797  
2.4399999999999920  0.7500000000000000  0.0012600000482053  -0.0000513120765161  -0.0005210975252154  0.0483041511106935  0.0433269764259750  
2.4499999999999917  0.7500000000000000  0.0012600000482053  -0.0000516758712177  -0.0005210617026282  0.0481415222589758  0.0432680049141009  
2.4599999999999915  0.7500000000000000  0.0012600000482053  -0.0000520396409103  -0.0005210256260643  0.0479814086155755  0.0432096353426794  
2.4699999999999913  0.7500000000000000  0.0012600000482053  -0.0000524033854168  -0.0005209892955413  0.0478240088705549  0.0431518614997291  
2.4799999999999911  0.7500000000000000  0.0012600000482053  -0.0000527671045598  -0.0005209527110767  0.0476694572345032  0.0430947361165545  
2.4899999999999909  0.7500000000000000  0.0012600000482053  -0.0000531307981620  -0.0005209158726882  0.0475172081024534  0.0430382643915311  
2.4999999999999907  0.7500000000000000  0.0012600000482053  -0.0000534944660462  -0.0005208787803938  0.0473669886985324  0.0429824270463653  
2.5099999999999905  0.7500000000000000  0.0012600000482053  0.0000000000000000  0.0000000000000000  0.0472188084189231  0.0429272391956801  
2.5199999999999902  0.7500000000000000  0.0012600000482053  0.0000000000000000  0.0000000000000000  0.0537435879180773  0.0433655236948500  
2.5299999999999900  0.7500000000000000  0.0012600000482053  0.0000000000000000  0.0000000000000000  0.0506974487044912  0.0437296550108876  
2.5399999999999898  0.7500000000000000  0.0012600000482053  0.0000000000000000  0.0000000000000000  0.0480030581896759  0.0432055401189486  
2.5499999999999896  0.7500000000000000  0.0012600000482053  0.0000000000000000  0.0000000000000000  0.0487069356622248  0.0431615798042412  
2.5599999999999894  0.7500000000000000  0.0012600000482053  0.0000000000000000  0.0000000000000000  0.0481392307383652  0.0431389397846112  
2.5699999999999892  0.7500000000000000  0.0012600000482053  0.0000000000000000  0.0000000000000000  0.0479588078800072  0.0430886386561926  
2.5799999999999890  0.7500000000000000  0.0012600000482053  0.0000000000000000  0.0000000000000000  0.0477610889584158  0.0430452738115280  
2.5899999999999888  0.7500000000000000  0.0012600000482053  0.0000000000000000  0.0000000000000000  0.0472837386154741  0.0429975503129662  
2.5999999999999885  0.7500000000000000  0.0012600000482053  0.0000000000000000  0.0000000000000000  0.0470253205179320  0.0429351699348025  
2.6099999999999883  0.7500000000000000  0.0012600000482053  0.0000000000000000  0.0000000000000000  0.0470621971275605  0.0429181486167425  
2.6199999999999881  0.7500000000000000  0.0012600000482053  0.0000000000000000  0.0000000000000000  0.0468908850285660  0.0429201463155590  
2.6299999999999879  0.7500000000000000  0.0012600000482053  0.0000000000000000  0.0000000000000000  0.0465564696934140  0.0428804431409187  
2.6399999999999877  0.7500000000000000  0.0012600000482053  0.0000000000000000  0.0000000000000000  0.0464823252096152  0.0428474299327887  
2.6499999999999875  0.7500000000000000  0.0012600000482053  0.0000000000000000  0.0000000000000000  0.0464337583484440  0.0428418058302819  
2.6599999999999873  0.7500000000000000  0.0012600000482053  0.0000000000000000  0.0000000000000000  0.0462911810821073  0.0428348469668417  
2.6699999999999871  0.7500000000000000  0.0012600000482053  0.0000000000000000  0.0000000000000000  0.0461162653063946  0.0428142231285091  
2.6799999999999868  0.7500000000000000  0.0012600000482053  0.0000000000000000  0.0000000000000000  0.0460404825204880  0.0427998556056343  
2.6899999999999866  0.7500000000000000  0.0012600000482053  0.0000000000000000  0.0000000000000000  0.0459536223656341  0.0427947974928025  
2.6999999999999864  0.7500000000000000  0.0012600000482053  0.0000000000000000  0.0000000000000000  0.0458069430923514  0.0427865447632276  
2.7099999999999862  0.7500000000000000  0.0012600000482053  0.0000000000000000  0.0000000000000000  0.0457175144252285  0.0427786060406106  
2.7199999999999860  0.7500000000000000  0.0012600000482053  0.0000000000000000  0.0000000000000000  0.0456173301619122  0.0427721319558665  
2.7299999999999858  0.7500000000000000  0.0012600000482053  0.0000000000000000  0.0000000000000000  0.0454975054659394  0.0427653117221308  
2.7399999999999856  0.7500000000000000  0.0012600000482053  0.0000000000000000  0.0000000000000000  0.0454156912835525  0.0427601663481857  
2.7499999999999853  0.7500000000000000  0.0012600000482053  0.0000000000000000  0.0000000000000000  0.0453302625179772  0.0427557780445882  
2.7599999999999851  0.7500000000000000  0.0012600000482053  0.0000000000000000  0.0000000000000000  0.0452281221091212  0.0427498997152623  
2.7699999999999849  0.7500000000000000  0.0012600000482053  0.0000000000000000  0.0000000000000000  0.0451500998722462  0.0427442703769512  
2.7799999999999847  0.7500000000000000  0.0012600000482053  0.0000000000000000  0.0000000000000000  0.0450784802525268  0.0427402081216880  
2.7899999999999845  0.7500000000000000  0.0012600000482053  0.0000000000000000  0.0000000000000000  0.0449950806374686  0.0427360516040736  
2.7999999999999843  0.7500000000000000  0.0012600000482053  0.0000000000000000  0.0000000000000000  0.0449173366857846  0.0427312662570971  
2.8099999999999841  0.7500000000000000  0.0012600000482053  0.0000000000000000  0.0000000000000000  0.0448443214255154  0.0427271582200054  
2.8199999999999839  0.7500000000000000  0.0012600000482053  0.0000000000000000  0.0000000000000000  0.0447671147964497  0.0427236611283395  
2.8299999999999836  0.7500000000000000  0.0012600000482053  0.0000000000000000  0.0000000000000000  0.0446891939068755  0.0427200539189379  
2.8399999999999834  0.7500000000000000  0.0012600000482053  0.0000000000000000  0.0000000000000000  0.0446121132670551  0.0427165876051234  
2.8499999999999832  0.7500000000000000  0.0012600000482053  0.0000000000000000  0.0000000000000000  0.0445347815339248  0.0427135377625320  
2.8599999999999830  0.7500000000000000  0.0012600000482053  0.0000000000000000  0.0000000000000000  0.0444576869433051  0.0427106251377693  
2.8699999999999828  0.7500000000000000  0.0012600000482053  0.0000000000000000  0.0000000000000000  0.0443819815357036  0.0427079547137838  
2.8799999999999826  0.7500000000000000  0.0012600000482053  0.0000000000000000  0.0000000000000000  0.0443081137055574  0.0427056344204615  
2.8899999999999824  0.7500000000000000  0.0012600000482053  0.0000000000000000  0.0000000000000000  0.0442354427064557  0.0427035043424419  
2.8999999999999821  0.7500000000000000  0.0012600000482053  0.0000000000000000  0.0000000000000000  0.0441648489318123  0.0427016495145056  
2.9099999999999819  0.7500000000000000  0.0012600000482053  0.0000000000000000  0.0000000000000000  0.0440965639504401  0.0427001445031209  
2.9199999999999817  0.7500000000000000  0.0012600000482053  0.0000000000000000  0.0000000000000000  0.0440291777046066  0.0426989087954189  
2.9299999999999815  0.7500000000000000  0.0012600000482053  0.0000000000000000  0.0000000000000000  0.0439626930929763  0.0426978572057882  
2.9399999999999813  0.7500000000000000  0.0012600000482053  0.0000000000000000  0.0000000000000000  0.0438972778095503  0.0426970482543892  
2.9499999999999811  0.7500000000000000  0.0012600000482053  0.0000000000000000  0.0000000000000000  0.0438319192630492  0.0426964132828596  
2.9599999999999809  0.7500000000000000  0.0012600000482053  0.0000000000000000  0.0000000000000000  0.0437662783892424  0.0426958748164625  
2.9699999999999807  0.7500000000000000  0.0012600000482053  0.0000000000000000  0.0000000000000000  0.0437006310742139  0.0426953928883124  
2.9799999999999804  0.7500000000000000  0.0012600000482053  0.0000000000000000  0.0000000000000000  0.0436347520105401  0.0426949803527140  
2.9899999999999802  0.7500000000000000  0.0012600000482053  0.0000000000000000  0.0000000000000000  0.0435686515578537  0.0426945891233028  
2.9999999999999800  0.7500000000000000  0.0012600000482053  0.0000000000000000  0.0000000000000000  0.0435027554497515  0.0426941733136659  
3.0099999999999798  0.7500000000000000  0.0012600000482053  -0.0000538581080351  -0.0005208414342112  0.0434372782020519  0.0426937805188555  
3.0199999999999796  0.7500000000000000  0.0012600000482053  -0.0000542217239514  -0.0005208038341586  0.0368382134279683  0.0422089896609607  
3.0299999999999794  0.7500000000000000  0.0012600000482053  -0.0000545853136179  -0.0005207659802543  0.0396076565446379  0.0417941661843394  
3.0399999999999792  0.7500000000000000  0.0012600000482053  -0.0000549488768574  -0.0005207278725164  0.0420618172814199  0.0422637374722063  
3.0499999999999790  0.7500000000000000  0.0012600000482053  -0.0000553124134927  -0.0005206895109636  0.0411157401225788  0.0422597850754601  
3.0599999999999787  0.7500000000000000  0.0012600000482053  -0.0000556759233466  -0.0005206508956143  0.0414777511473188  0.0422329263833303  
3.0699999999999785  0.7500000000000000  0.0012600000482053  -0.0000560394062419  -0.0005206120264872  0.0414387489666177  0.0422345980260829  
3.0799999999999783  0.7500000000000000  0.0012600000482053  -0.0000564028620014  -0.0005205729036012  0.0414245426715927  0.0422287226819536  
3.0899999999999781  0.7500000000000000  0.0012600000482053  -0.0000567662904480  -0.0005205335269752  0.0417054014752820  0.0422268686413179  
3.0999999999999779  0.7500000000000000  0.0012600000482053  -0.0000571296914045  -0.0005204938966283  0.0417481584887659  0.0422398117260802  
3.1099999999999777  0.7500000000000000  0.0012600000482053  -0.0000574930646938  -0.0005204540125797  0.0415055840322527  0.0422095267444598  
3.1199999999999775  0.7500000000000000  0.0012600000482053  -0.0000578564101388  -0.0005204138748487  0.0414949990944821  0.0421603371188558  
3.1299999999999772  0.7500000000000000  0.0012600000482053  -0.0000582197275623  -0.0005203734834547  0.0416312175130953  0.0421510868131899  
3.1399999999999770  0.7500000000000000  0.0012600000482053  -0.0000585830167874  -0.0005203328384172  0.0415004751847771  0.0421370657731476  
3.1499999999999768  0.7500000000000000  0.0012600000482053  -0.0000589462776368  -0.0005202919397561  0.0413606281480330  0.0420969049653674  
3.1599999999999766  0.7500000000000000  0.0012600000482053  -0.0000593095099337  -0.0005202507874910  0.0413198250821239  0.0420578115284561  
3.1699999999999764  0.7500000000000000  0.0012600000482053  -0.0000596727135008  -0.0005202093816420  0.0413035739417639  0.0420320143837273  
3.1799999999999762  0.7500000000000000  0.0012600000482053  -0.0000600358881611  -0.0005201677222290  0.0411906789909243  0.0420013735604202  
3.1899999999999760  0.7500000000000000  0.0012600000482053  -0.0000603990337378  -0.0005201258092723  0.0411008333270366  0.0419622328478987  
3.1999999999999758  0.7500000000000000  0.0012600000482053  -0.0000607621500536  -0.0005200836427922  0.0410690808672967  0.0419258473841033  
3.2099999999999755  0.7500000000000000  0.0012600000482053  -0.0000611252369317  -0.0005200412228090  0.0409787588177288  0.0418900993200200  
3.2199999999999753  0.7500000000000000  0.0012600000482053  -0.0000614882941951  -0.0005199985493434  0.0409078650324710  0.0418535559148775  
3.2299999999999751  0.7500000000000000  0.0012600000482053  -0.0000618513216668  -0.0005199556224160  0.0408568762698548  0.0418174636203404  
3.2399999999999749  0.7500000000000000  0.0012600000482053  -0.0000622143191698  -0.0005199124420476  0.0407666251954135  0.0417804950369060  
3.2499999999999747  0.7500000000000000  0.0012600000482053  -0.0000625772865272  -0.0005198690082591  0.0406856275982463  0.0417433725707736  
3.2599999999999745  0.7500000000000000  0.0012600000482053  -0.0000629402235621  -0.0005198253210716  0.0406222141436228  0.0417078203909767  
3.2699999999999743  0.7500000000000000  0.0012600000482053  -0.0000633031300976  -0.0005197813805063  0.0405335331335102  0.0416726776371175  
3.2799999999999740  0.7500000000000000  0.0012600000482053  -0.0000636660059569  -0.0005197371865844  0.0404420191950047  0.0416365317158710  
3.2899999999999738  0.7500000000000000  0.0012600000482053  -0.0000640288509629  -0.0005196927393274  0.0403641281453421  0.0416006821190160  
3.2999999999999736  0.7500000000000000  0.0012600000482053  -0.0000643916649389  -0.0005196480387568  0.0402804929310203  0.0415658093538157  
3.3099999999999734  0.7500000000000000  0.0012600000482053  -0.0000647544477080  -0.0005196030848942  0.0401943620465407  0.0415307437323846  
3.3199999999999732  0.7500000000000000  0.0012600000482053  -0.0000651171990934  -0.0005195578777615  0.0401146223169150  0.0414953166410067  
3.3299999999999730  0.7500000000000000  0.0012600000482053  -0.0000654799189183  -0.0005195124173806  0.0400367432037843  0.0414602914805059  
3.3399999999999728  0.7500000000000000  0.0012600000482053  -0.0000658426070058  -0.0005194667037734  0.0399598102515793  0.0414254511133684  
3.3499999999999726  0.7500000000000000  0.0012600000482053  -0.0000662052631792  -0.0005194207369622  0.0398851016194106  0.0413905390818363  
3.3599999999999723  0.7500000000000000  0.0012600000482053  -0.0000665678872617  -0.0005193745169692  0.0398117732763107  0.0413557828971056  
3.3699999999999721  0.7500000000000000  0.0012600000482053  -0.0000669304790766  -0.0005193280438169  0.0397386954540578  0.0413211384721326  
3.3799999999999719  0.7500000000000000  0.0012600000482053  -0.0000672930384471  -0.0005192813175277  0.0396655415376153  0.0412864689004993  
3.3899999999999717  0.7500000000000000  0.0012600000482053  -0.0000676555651965  -0.0005192343381243  0.0395928072580973  0.0412519595673497  
3.3999999999999715  0.7500000000000000  0.0012600000482053  -0.0000680180591481  -0.0005191871056295  0.0395195242309809  0.0412175259670788  
3.4099999999999713  0.7500000000000000  0.0012600000482053  -0.0000683805201252  -0.0005191396200662  0.0394455493949528  0.0411830924431569  
3.4199999999999711  0.7500000000000000  0.0012600000482053  -0.0000687429479511  -0.0005190918814573  0.0393723443267277  0.0411487507887918  
3.4299999999999708  0.7500000000000000  0.0012600000482053  -0.0000691053424492  -0.0005190438898262  0.0392997731673271  0.0411145280047503  
3.4399999999999706  0.7500000000000000  0.0012600000482053  -0.0000694677034428  -0.0005189956451959  0.0392277379352628  0.0410803950714126  
3.4499999999999704  0.7500000000000000  0.0012600000482053  -0.0000698300307553  -0.0005189471475900  0.0391572725376087  0.0410463580953334  
3.4599999999999702  0.7500000000000000  0.0012600000482053  -0.0000701923242100  -0.0005188983970318  0.0390886846377711  0.0410125286470166  
3.4699999999999700  0.7500000000000000  0.0012600000482053  -0.0000705545836305  -0.0005188493935451  0.0390217240792247  0.0409788826229180  
3.4799999999999698  0.7500000000000000  0.0012600000482053  -0.0000709168088401  -0.0005188001371537  0.0389565540481781  0.0409454674007861  
3.4899999999999696  0.7500000000000000  0.0012600000482053  -0.0000712789996622  -0.0005187506278813  0.0388931630145325  0.0409122761993941  
3.4999999999999694  0.7500000000000000  0.0012600000482053  -0.0000716411559203  -0.0005187008657520  0.0388310960599996  0.0408793573992214  
3.5099999999999691  0.7500000000000000  0.0012600000482053  0.0000000000000000  0.0000000000000000  0.0387699988953346  0.0408466941862860  
3.5199999999999689  0.7500000000000000  0.0012600000482053  0.0000000000000000  0.0000000000000000  0.0449288853235068  0.0410771495340645  
3.5299999999999687  0.7500000000000000  0.0012600000482053  0.0000000000000000  0.0000000000000000  0.0420291017500395  0.0415451990331883  
3.5399999999999685  0.7500000000000000  0.0012600000482053  0.0000000000000000  0.0000000000000000  0.0395189044373030  0.0411248971575776  
3.5499999999999683  0.7500000000000000  0.0012600000482053  0.0000000000000000  0.0000000000000000  0.0403682580821754  0.0410644993669488  
3.5599999999999681  0.7500000000000000  0.0012600000482053  0.0000000000000000  0.0000000000000000  0.0398494021543877  0.0410674714708015  
3.5699999999999679  0.7500000000000000  0.0012600000482053  0.0000000000000000  0.0000000000000000  0.0397937311769418  0.0410306902020197  
3.5799999999999677  0.7500000000000000  0.0012600000482053  0.0000000000000000  0.0000000000000000  0.0397140006011172  0.0410030669704005  
3.5899999999999674  0.7500000000000000  0.0012600000482053  0.0000000000000000  0.0000000000000000  0.0392862305517267  0.0409791354650034  
3.5999999999999672  0.7500000000000000  0.0012600000482053  0.0000000000000000  0.0000000000000000  0.0391391430467251  0.0409346950529273  
3.6099999999999670  0.7500000000000000  0.0012600000482053  0.0000000000000000  0.0000000000000000  0.0393127396136528  0.0409266582116789  
3.6199999999999668  0.7500000000000000  0.0012600000482053  0.0000000000000000  0.0000000000000000  0.0391845184149632  0.0409422499748337  
3.6299999999999666  0.7500000000000000  0.0012600000482053  0.0000000000000000  0.0000000000000000  0.0389257118014387  0.0409226839763070  
3.6399999999999664  0.7500000000000000  0.0012600000482053  0.0000000000000000  0.0000000000000000  0.0389755845771094  0.0409021200604613  
3.6499999999999662  0.7500000000000000  0.0012600000482053  0.0000000000000000  0.0000000000000000  0.0390045860497758  0.0409067554057376  
3.6599999999999659  0.7500000000000000  0.0012600000482053  0.0000000000000000  0.0000000000000000  0.0389244706149019  0.0409126724455044  
3.6699999999999657  0.7500000000000000  0.0012600000482053  0.0000000000000000  0.0000000000000000  0.0388352810672329  0.0409064164198497  
3.6799999999999655  0.7500000000000000  0.0012600000482053  0.0000000000000000  0.0000000000000000  0.0388461845071137  0.0409031051336224  
3.6899999999999653  0.7500000000000000  0.0012600000482053  0.0000000000000000  0.0000000000000000  0.0388204091497059  0.0409084130790918  
3.6999999999999651  0.7500000000000000  0.0012600000482053  0.0000000000000000  0.0000000000000000  0.0387393350288972  0.0409123375456231  
3.7099999999999649  0.7500000000000000  0.0012600000482053  0.0000000000000000  0.0000000000000000  0.0387253205778112  0.0409148776242114  
3.7199999999999647  0.7500000000000000  0.0012600000482053  0.0000000000000000  0.0000000000000000  0.0386829208499894  0.0409184289252447  
3.7299999999999645  0.7500000000000000  0.0012600000482053  0.0000000000000000  0.0000000000000000  0.0386223333293707  0.0409219602837924  
3.7399999999999642  0.7500000000000000  0.0012600000482053  0.0000000000000000  0.0000000000000000  0.0386076194741805  0.0409260370560820  
3.7499999999999640  0.7500000000000000  0.0012600000482053  0.0000000000000000  0.0000000000000000  0.0385795196488897  0.0409304089507955  
3.7599999999999638  0.7500000000000000  0.0012600000482053  0.0000000000000000  0.0000000000000000  0.0385341908567052  0.0409336103277956  
3.7699999999999636  0.7500000000000000  0.0012600000482053  0.0000000000000000  0.0000000000000000  0.0385192571927146  0.0409363431128274  
3.7799999999999634  0.7500000000000000  0.0012600000482053  0.0000000000000000  0.0000000000000000  0.0385062296344371  0.0409400600304025  
3.7899999999999632  0.7500000000000000  0.0012600000482053  0.0000000000000000  0.0000000000000000  0.0384791523166416  0.0409438565815770  
3.7999999999999630  0.7500000000000000  0.0012600000482053  0.0000000000000000  0.0000000000000000  0.0384606757470146  0.0409468418508459  
3.8099999999999627  0.7500000000000000  0.0012600000482053  0.0000000000000000  0.0000000000000000  0.0384450807503939  0.0409501297603262  
3.8199999999999625  0.7500000000000000  0.0012600000482053  0.0000000000000000  0.0000000000000000  0.0384228675464241  0.0409539959747029  
3.8299999999999623  0.7500000000000000  0.0012600000482053  0.0000000000000000  0.0000000000000000  0.0383999845042035  0.0409577260422079  
3.8399999999999621  0.7500000000000000  0.0012600000482053  0.0000000000000000  0.0000000000000000  0.0383766890815776  0.0409614126199142  
3.8499999999999619  0.7500000000000000  0.0012600000482053  0.0000000000000000  0.0000000000000000  0.0383512146115739  0.0409653308020285  
3.8599999999999617  0.7500000000000000  0.0012600000482053  0.0000000000000000  0.0000000000000000  0.0383248737425307  0.0409692365331375  
3.8699999999999615  0.7500000000000000  0.0012600000482053  0.0000000000000000  0.0000000000000000  0.0382988315397941  0.0409732453724464  
3.8799999999999613  0.7500000000000000  0.0012600000482053  0.0000000000000000  0.0000000000000000  0.0382731375997226  0.0409773347804175  
3.8899999999999610  0.7500000000000000  0.0012600000482053  0.0000000000000000  0.0000000000000000  0.0382473624135247  0.0409814546330192  
3.8999999999999608  0.7500000000000000  0.0012600000482053  0.0000000000000000  0.0000000000000000  0.0382227058503210  0.0409856333947523  
3.9099999999999606  0.7500000000000000  0.0012600000482053  0.0000000000000000  0.0000000000000000  0.0381991534948133  0.0409899142967670  
3.9199999999999604  0.7500000000000000  0.0012600000482053  0.0000000000000000  0.0000000000000000  0.0381752104559555  0.0409942316973285  
3.9299999999999602  0.7500000000000000  0.0012600000482053  0.0000000000000000  0.0000000000000000  0.0381511092852195  0.0409985554143169  
3.9399999999999600  0.7500000000000000  0.0012600000482053  0.0000000000000000  0.0000000000000000  0.0381268960113487  0.0410028978781647  
3.9499999999999598  0.7500000000000000  0.0012600000482053  0.0000000000000000  0.0000000000000000  0.0381013655898859  0.0410072207254617  
3.9599999999999596  0.7500000000000000  0.0012600000482053  0.0000000000000000  0.0000000000000000  0.0380742702104340  0.0410114442756226  
3.9699999999999593  0.7500000000000000  0.0012600000482053  0.0000000000000000  0.0000000000000000  0.0380458697633558  0.0410155755113220  
3.9799999999999591  0.7500000000000000  0.0012600000482053  0.0000000000000000  0.0000000000000000  0.0380158371649022  0.0410195875072931  
3.9899999999999589  0.7500000000000000  0.0012600000482053  0.0000000000000000  0.0000000000000000  0.0379842436115666  0.0410234144610924  