Time  Coordinate0  Coordinate1  DisplacementDeltas00  DisplacementDeltas01  Forces00  Forces01  
0.0100000000000000  -0.2500000000000000  0.0000000000000000  0.0000000000000000  0.0001745329251994  1.1320967424346748  -0.0003636099502920  
0.0200000000000000  -0.2500000000000000  0.0000000000000000  0.0000001218469679  0.0001745329251994  1.0447618309786673  -0.0010051712062889  
0.0300000000000000  -0.2500000000000000  0.0000000000000000  0.0000002436939358  0.0001745328401342  1.1206149716345886  -0.0018015106686438  
0.0400000000000000  -0.2500000000000000  0.0000000000000000  0.0000003655408444  0.0001745326700037  1.1391107349086960  -0.0025760296637729  
0.0500000000000000  -0.2500000000000000  0.0000000000000000  0.0000004873876341  0.0001745324148081  1.0629291724046213  -0.0030619629415269  
0.0600000000000000  -0.2500000000000000  0.0000000000000000  0.0000006092342457  0.0001745320745473  1.0974033571454131  -0.0038956814731202  
0.0700000000000000  -0.2500000000000000  0.0000000000000000  0.0000007310806198  0.0001745316492216  1.1265888652306146  -0.0047166468988740  
0.0800000000000000  -0.2500000000000000  0.0000000000000000  0.0000008529266969  0.0001745311388310  1.0858434294650865  -0.0052185413172230  
0.0900000000000000  -0.2500000000000000  0.0000000000000000  0.0000009747724177  0.0001745305433759  1.0897216385937998  -0.0059595622705904  
0.1000000000000000  -0.2500000000000000  0.0000000000000000  0.0000010966177228  0.0001745298628563  1.1084942019714725  -0.0067889201165549  
0.1100000000000000  -0.2500000000000000  0.0000000000000000  0.0000012184625527  0.0001745290972727  1.0935206957457897  -0.0073845144206312  
0.1200000000000000  -0.2500000000000000  0.0000000000000000  0.0000013403068483  0.0001745282466254  1.0909543570725244  -0.0080745735684422  
0.1300000000000000  -0.2500000000000000  0.0000000000000000  0.0000014621505499  0.0001745273109147  1.0990877252099911  -0.0088539620099598  
0.1400000000000000  -0.2500000000000000  0.0000000000000000  0.0000015839935983  0.0001745262901411  1.0947689919502583  -0.0095132778042940  
0.1500000000000000  -0.2500000000000000  0.0000000000000000  0.0000017058359341  0.0001745251843049  1.0933566218666095  -0.0101979704618025  
0.1600000000000000  -0.2500000000000000  0.0000000000000000  0.0000018276774978  0.0001745239934068  1.0953904923121145  -0.0109168367319751  
0.1700000000000000  -0.2500000000000000  0.0000000000000000  0.0000019495182302  0.0001745227174472  1.0942050685189775  -0.0115922545076611  
0.1800000000000000  -0.2500000000000000  0.0000000000000000  0.0000020713580717  0.0001745213564267  1.0937766753826814  -0.0122748444177577  
0.1900000000000000  -0.2500000000000000  0.0000000000000000  0.0000021931969631  0.0001745199103460  1.0927120485677357  -0.0129472675406339  
0.2000000000000000  -0.2500000000000000  0.0000000000000000  0.0000023150348450  0.0001745183792056  1.0914500248340457  -0.0136099940387645  
0.2100000000000000  -0.2500000000000000  0.0000000000000000  0.0000024368716579  0.0001745167630064  1.0905437803130236  -0.0142756815418952  
0.2200000000000001  -0.2500000000000000  0.0000000000000000  0.0000025587073424  0.0001745150617491  1.0881594170941336  -0.0149186907419495  
0.2300000000000001  -0.2500000000000000  0.0000000000000000  0.0000026805418393  0.0001745132754344  1.0860774782734135  -0.0155609497014633  
0.2400000000000001  -0.2500000000000000  0.0000000000000000  0.0000028023750891  0.0001745114040631  1.0843051998262132  -0.0162046592909338  
0.2500000000000001  -0.2500000000000000  0.0000000000000000  0.0000029242070324  0.0001745094476362  1.0816214467487288  -0.0168312819529793  
0.2600000000000001  -0.2500000000000000  0.0000000000000000  0.0000030460376099  0.0001745074061546  1.0790696658850574  -0.0174558235266601  
0.2700000000000001  -0.2500000000000000  0.0000000000000000  0.0000031678667622  0.0001745052796192  1.0767973727024769  -0.0180808445039815  
0.2800000000000001  -0.2500000000000000  0.0000000000000000  0.0000032896944298  0.0001745030680310  1.0741616446981928  -0.0186954045884520  
0.2900000000000001  -0.2500000000000000  0.0000000000000000  0.0000034115205535  0.0001745007713910  1.0714644404742215  -0.0193041611979332  
0.3000000000000001  -0.2500000000000000  0.0000000000000000  0.0000035333450738  0.0001744983897004  1.0689024882209739  -0.0199100834393978  
0.3100000000000001  -0.2500000000000000  0.0000000000000000  0.0000036551679314  0.0001744959229602  1.0661587154547609  -0.0205074330829799  
0.3200000000000001  -0.2500000000000000  0.0000000000000000  0.0000037769890669  0.0001744933711716  1.0632299671126719  -0.0210957285063582  
0.3300000000000001  -0.2500000000000000  0.0000000000000000  0.0000038988084209  0.0001744907343358  1.0602423884514949  -0.0216772252894719  
0.3400000000000001  -0.2500000000000000  0.0000000000000000  0.0000040206259340  0.0001744880124540  1.0570657469427336  -0.0222491092339240  
0.3500000000000001  -0.2500000000000000  0.0000000000000000  0.0000041424415469  0.0001744852055276  1.0536555087864119  -0.0228101160058329  
0.3600000000000002  -0.2500000000000000  0.0000000000000000  0.0000042642552002  0.0001744823135578  1.0500635383593877  -0.0233611699031374  
0.3700000000000002  -0.2500000000000000  0.0000000000000000  0.0000043860668346  0.0001744793365461  1.0462663010181270  -0.0239014368904389  
0.3800000000000002  -0.2500000000000000  0.0000000000000000  0.0000045078763905  0.0001744762744938  1.0422492353973063  -0.0244304286456590  
0.3900000000000002  -0.2500000000000000  0.0000000000000000  0.0000046296838088  0.0001744731274024  1.0380372019364041  -0.0249483780829971  
0.4000000000000002  -0.2500000000000000  0.0000000000000000  0.0000047514890300  0.0001744698952733  1.0336482790581343  -0.0254554071356876  
0.4100000000000002  -0.2500000000000000  0.0000000000000000  0.0000048732919947  0.0001744665781082  1.0290869004164189  -0.0259514172637166  
0.4200000000000002  -0.2500000000000000  0.0000000000000000  0.0000049950926436  0.0001744631759086  1.0243662127111213  -0.0264364204801538  
0.4300000000000002  -0.2500000000000000  0.0000000000000000  0.0000051168909173  0.0001744596886761  1.0195015885276961  -0.0269103935733126  
0.4400000000000002  -0.2500000000000000  0.0000000000000000  0.0000052386867565  0.0001744561164123  1.0145040701271579  -0.0273734074182963  
0.4500000000000002  -0.2500000000000000  0.0000000000000000  0.0000053604801018  0.0001744524591190  1.0093707778818979  -0.0278250119209389  
0.4600000000000002  -0.2500000000000000  0.0000000000000000  0.0000054822708938  0.0001744487167979  1.0041012888898917  -0.0282648813250402  
0.4700000000000003  -0.2500000000000000  0.0000000000000000  0.0000056040590731  0.0001744448894508  0.9986961029825616  -0.0286927247991085  
0.4800000000000003  -0.2500000000000000  0.0000000000000000  0.0000057258445805  0.0001744409770795  0.9931449804241597  -0.0291079122896611  
0.4900000000000003  -0.2500000000000000  0.0000000000000000  0.0000058476273565  0.0001744369796859  0.9874394498382510  -0.0295098526634329  
0.5000000000000002  -0.2500000000000000  0.0000000000000000  0.0000000000000000  0.0000000000000000  0.9815748416433342  -0.0298980900168150  
0.5100000000000002  -0.2500000000000000  0.0000000000000000  0.0000000000000000  0.0000000000000000  0.9764685609931752  -0.0296218379248826  
0.5200000000000002  -0.2500000000000000  0.0000000000000000  0.0000000000000000  0.0000000000000000  0.9720780480212959  -0.0294204580009599  
0.5300000000000002  -0.2500000000000000  0.0000000000000000  0.0000000000000000  0.0000000000000000  0.9681702433640575  -0.0292142740185120  
0.5400000000000003  -0.2500000000000000  0.0000000000000000  0.0000000000000000  0.0000000000000000  0.9637601106700123  -0.0289814860832786  
0.5500000000000003  -0.2500000000000000  0.0000000000000000  0.0000000000000000  0.0000000000000000  0.9596221699320606  -0.0287691059053881  
0.5600000000000003  -0.2500000000000000  0.0000000000000000  0.0000000000000000  0.0000000000000000  0.9563622085074137  -0.0286029669798717  
0.5700000000000003  -0.2500000000000000  0.0000000000000000  0.0000000000000000  0.0000000000000000  0.9532376150394818  -0.0284439569100950  
0.5800000000000003  -0.2500000000000000  0.0000000000000000  0.0000000000000000  0.0000000000000000  0.9501665502297780  -0.0282814099976025  
0.5900000000000003  -0.2500000000000000  0.0000000000000000  0.0000000000000000  0.0000000000000000  0.9472465861536208  -0.0281292895394337  
0.6000000000000003  -0.2500000000000000  0.0000000000000000  0.0000000000000000  0.0000000000000000  0.9446720088243195  -0.0280000022560012  
0.6100000000000003  -0.2500000000000000  0.0000000000000000  0.0000000000000000  0.0000000000000000  0.9423134366160675  -0.0278787448425569  
0.6200000000000003  -0.2500000000000000  0.0000000000000000  0.0000000000000000  0.0000000000000000  0.9400107280671824  -0.0277575278707399  
0.6300000000000003  -0.2500000000000000  0.0000000000000000  0.0000000000000000  0.0000000000000000  0.9378537752734402  -0.0276466004340938  
0.6400000000000003  -0.2500000000000000  0.0000000000000000  0.0000000000000000  0.0000000000000000  0.9358131627023767  -0.0275436391708999  
0.6500000000000004  -0.2500000000000000  0.0000000000000000  0.0000000000000000  0.0000000000000000  0.9338925836602936  -0.0274448574466455  
0.6600000000000004  -0.2500000000000000  0.0000000000000000  0.0000000000000000  0.0000000000000000  0.9321255161628582  -0.0273539048900312  
0.6700000000000004  -0.2500000000000000  0.0000000000000000  0.0000000000000000  0.0000000000000000  0.9303741262433268  -0.0272657156710294  
0.6800000000000004  -0.2500000000000000  0.0000000000000000  0.0000000000000000  0.0000000000000000  0.9287255291797225  -0.0271819461026895  
0.6900000000000004  -0.2500000000000000  0.0000000000000000  0.0000000000000000  0.0000000000000000  0.9272353320033914  -0.0271062894082466  
0.7000000000000004  -0.2500000000000000  0.0000000000000000  0.0000000000000000  0.0000000000000000  0.9257922715635997  -0.0270339072570892  
0.7100000000000004  -0.2500000000000000  0.0000000000000000  0.0000000000000000  0.0000000000000000  0.9244253122278975  -0.0269647497756207  
0.7200000000000004  -0.2500000000000000  0.0000000000000000  0.0000000000000000  0.0000000000000000  0.9231810610038590  -0.0269017330433693  
0.7300000000000004  -0.2500000000000000  0.0000000000000000  0.0000000000000000  0.0000000000000000  0.9220015192911887  -0.0268425712737955  
0.7400000000000004  -0.2500000000000000  0.0000000000000000  0.0000000000000000  0.0000000000000000  0.9208944681606863  -0.0267867838849657  
0.7500000000000004  -0.2500000000000000  0.0000000000000000  0.0000000000000000  0.0000000000000000  0.9198771768633767  -0.0267352100586442  
0.7600000000000005  -0.2500000000000000  0.0000000000000000  0.0000000000000000  0.0000000000000000  0.9189180889511602  -0.0266868451341667  
0.7700000000000005  -0.2500000000000000  0.0000000000000000  0.0000000000000000  0.0000000000000000  0.9180171789805184  -0.0266414898082923  
0.7800000000000005  -0.2500000000000000  0.0000000000000000  0.0000000000000000  0.0000000000000000  0.9171835391203323  -0.0265993263745166  
0.7900000000000005  -0.2500000000000000  0.0000000000000000  0.0000000000000000  0.0000000000000000  0.9164019183157066  -0.0265598314331366  
0.8000000000000005  -0.2500000000000000  0.0000000000000000  0.0000000000000000  0.0000000000000000  0.9156633809031517  -0.0265226440684054  
0.8100000000000005  -0.2500000000000000  0.0000000000000000  0.0000000000000000  0.0000000000000000  0.9149731368941224  -0.0264878621883499  
0.8200000000000005  -0.2500000000000000  0.0000000000000000  0.0000000000000000  0.0000000000000000  0.9143271354545764  -0.0264553205088452  
0.8300000000000005  -0.2500000000000000  0.0000000000000000  0.0000000000000000  0.0000000000000000  0.9137166228465147  -0.0264246558687518  
0.8400000000000005  -0.2500000000000000  0.0000000000000000  0.0000000000000000  0.0000000000000000  0.9131406099027383  -0.0263957579113513  
0.8500000000000005  -0.2500000000000000  0.0000000000000000  0.0000000000000000  0.0000000000000000  0.9125989627423324  -0.0263686023107155  
0.8600000000000005  -0.2500000000000000  0.0000000000000000  0.0000000000000000  0.0000000000000000  0.9120864215385848  -0.0263429764086778  
0.8700000000000006  -0.2500000000000000  0.0000000000000000  0.0000000000000000  0.0000000000000000  0.9115999278754784  -0.0263186987661969  
0.8800000000000006  -0.2500000000000000  0.0000000000000000  0.0000000000000000  0.0000000000000000  0.9111393072036769  -0.0262957274409369  
0.8900000000000006  -0.2500000000000000  0.0000000000000000  0.0000000000000000  0.0000000000000000  0.9107015102974800  -0.0262739449047598  
0.9000000000000006  -0.2500000000000000  0.0000000000000000  0.0000000000000000  0.0000000000000000  0.9102840534617408  -0.0262532194696310  
0.9100000000000006  -0.2500000000000000  0.0000000000000000  0.0000000000000000  0.0000000000000000  0.9098865220734641  -0.0262335002591017  
0.9200000000000006  -0.2500000000000000  0.0000000000000000  0.0000000000000000  0.0000000000000000  0.9095071299642350  -0.0262147111157551  
0.9300000000000006  -0.2500000000000000  0.0000000000000000  0.0000000000000000  0.0000000000000000  0.9091439843666682  -0.0261967609949291  
0.9400000000000006  -0.2500000000000000  0.0000000000000000  0.0000000000000000  0.0000000000000000  0.9087964598018584  -0.0261796032127598  
0.9500000000000006  -0.2500000000000000  0.0000000000000000  0.0000000000000000  0.0000000000000000  0.9084635073257518  -0.0261631866205942  
0.9600000000000006  -0.2500000000000000  0.0000000000000000  0.0000000000000000  0.0000000000000000  0.9081435967629566  -0.0261474393885789  
0.9700000000000006  -0.2500000000000000  0.0000000000000000  0.0000000000000000  0.0000000000000000  0.9078358033872591  -0.0261323110726707  
0.9800000000000006  -0.2500000000000000  0.0000000000000000  0.0000000000000000  0.0000000000000000  0.9075392946689117  -0.0261177597593099  
0.9900000000000007  -0.2500000000000000  0.0000000000000000  0.0000000000000000  0.0000000000000000  0.9072528916592416  -0.0261037304152196  
1.0000000000000007  -0.2500000000000000  0.0000000000000000  0.0000059694073418  0.0001744328972719  0.9069756470940328  -0.0260901752289642  
1.0100000000000007  -0.2500000000000000  0.0000000000000000  0.0000060911844771  0.0001744287298394  0.9054899159367107  -0.0266682910335167  
1.0200000000000007  -0.2500000000000000  0.0000000000000000  0.0000062129587029  0.0001744244773904  0.9030194695730775  -0.0271588069411678  
1.0300000000000007  -0.2500000000000000  0.0000000000000000  0.0000063347299600  0.0001744201399270  0.8998040622756539  -0.0276404597394274  
1.0400000000000007  -0.2500000000000000  0.0000000000000000  0.0000064564981889  0.0001744157174512  0.8971334103526042  -0.0281467556938223  
1.0500000000000007  -0.2500000000000000  0.0000000000000000  0.0000065782633304  0.0001744112099651  0.8940516627724964  -0.0286227390371225  
1.0600000000000007  -0.2500000000000000  0.0000000000000000  0.0000067000253250  0.0001744066174709  0.8897345771572386  -0.0290308289835190  
1.0700000000000007  -0.2500000000000000  0.0000000000000000  0.0000068217841135  0.0001744019399709  0.8850214590745816  -0.0294149465724917  
1.0800000000000007  -0.2500000000000000  0.0000000000000000  0.0000069435396365  0.0001743971774671  0.8802798110011020  -0.0297969303389616  
1.0900000000000007  -0.2500000000000000  0.0000000000000000  0.0000070652918346  0.0001743923299620  0.8753314194661516  -0.0301588213541201  
1.1000000000000008  -0.2500000000000000  0.0000000000000000  0.0000071870406485  0.0001743873974578  0.8697338021650280  -0.0304761260618318  
1.1100000000000008  -0.2500000000000000  0.0000000000000000  0.0000073087860189  0.0001743823799569  0.8637344825826596  -0.0307682211950587  
1.1200000000000008  -0.2500000000000000  0.0000000000000000  0.0000074305278864  0.0001743772774617  0.8576934079458696  -0.0310521722317652  
1.1300000000000008  -0.2500000000000000  0.0000000000000000  0.0000075522661917  0.0001743720899746  0.8513564304778215  -0.0313096916578335  
1.1400000000000008  -0.2500000000000000  0.0000000000000000  0.0000076740008755  0.0001743668174981  0.8446712877956393  -0.0315390256388685  
1.1500000000000008  -0.2500000000000000  0.0000000000000000  0.0000077957318783  0.0001743614600349  0.8377875376317727  -0.0317501066261171  
1.1600000000000008  -0.2500000000000000  0.0000000000000000  0.0000079174591410  0.0001743560175873  0.8306242163408611  -0.0319363610529632  
1.1700000000000008  -0.2500000000000000  0.0000000000000000  0.0000080391826041  0.0001743504901581  0.8232487471377196  -0.0321005343712855  
1.1800000000000008  -0.2500000000000000  0.0000000000000000  0.0000081609022083  0.0001743448777499  0.8156666637522231  -0.0322438649419897  
1.1900000000000008  -0.2500000000000000  0.0000000000000000  0.0000082826178943  0.0001743391803653  0.8077690313471496  -0.0323589243898800  
1.2000000000000008  -0.2500000000000000  0.0000000000000000  0.0000084043296028  0.0001743333980072  0.7996311422208863  -0.0324496421644250  
1.2100000000000009  -0.2500000000000000  0.0000000000000000  0.0000085260372745  0.0001743275306783  0.7912979644228404  -0.0325188319322965  
1.2200000000000009  -0.2500000000000000  0.0000000000000000  0.0000086477408500  0.0001743215783814  0.7826847409110335  -0.0325605340790724  
1.2300000000000009  -0.2500000000000000  0.0000000000000000  0.0000087694402700  0.0001743155411194  0.7738216165170255  -0.0325759315428613  
1.2400000000000009  -0.2500000000000000  0.0000000000000000  0.0000088911354752  0.0001743094188951  0.7647344040441592  -0.0325666323032331  
1.2500000000000009  -0.2500000000000000  0.0000000000000000  0.0000090128264063  0.0001743032117116  0.7553983592313578  -0.0325306131784061  
1.2600000000000009  -0.2500000000000000  0.0000000000000000  0.0000091345130039  0.0001742969195718  0.7458340102499362  -0.0324683231187199  
1.2700000000000009  -0.2500000000000000  0.0000000000000000  0.0000092561952088  0.0001742905424787  0.7360422772987355  -0.0323795419397149  
1.2800000000000009  -0.2500000000000000  0.0000000000000000  0.0000093778729617  0.0001742840804353  0.7260159569029219  -0.0322635346956427  
1.2900000000000009  -0.2500000000000000  0.0000000000000000  0.0000094995462032  0.0001742775334449  0.7157690894869302  -0.0321205510753403  
1.3000000000000009  -0.2500000000000000  0.0000000000000000  0.0000096212148740  0.0001742709015106  0.7053068254455341  -0.0319504598460593  
1.3100000000000009  -0.2500000000000000  0.0000000000000000  0.0000097428789149  0.0001742641846355  0.6946258897402570  -0.0317526829033536  
1.3200000000000010  -0.2500000000000000  0.0000000000000000  0.0000098645382665  0.0001742573828229  0.6837278266023618  -0.0315268902736856  
1.3300000000000010  -0.2500000000000000  0.0000000000000000  0.0000099861928695  0.0001742504960760  0.6726204547286807  -0.0312731183584242  
1.3400000000000010  -0.2500000000000000  0.0000000000000000  0.0000101078426647  0.0001742435243982  0.6613059843607821  -0.0309911144586559  
1.3500000000000010  -0.2500000000000000  0.0000000000000000  0.0000102294875927  0.0001742364677928  0.6497847860512893  -0.0306804741374924  
1.3600000000000010  -0.2500000000000000  0.0000000000000000  0.0000103511275943  0.0001742293262632  0.6380595364646204  -0.0303409463629287  
1.3700000000000010  -0.2500000000000000  0.0000000000000000  0.0000104727626102  0.0001742220998129  0.6261345878676885  -0.0299724231157025  
1.3800000000000010  -0.2500000000000000  0.0000000000000000  0.0000105943925811  0.0001742147884453  0.6140114561976996  -0.0295746076993763  
1.3900000000000010  -0.2500000000000000  0.0000000000000000  0.0000107160174476  0.0001742073921640  0.6016924015227136  -0.0291472146924585  
1.4000000000000010  -0.2500000000000000  0.0000000000000000  0.0000108376371506  0.0001741999109725  0.5891795230485735  -0.0286900071565244  
1.4100000000000010  -0.2500000000000000  0.0000000000000000  0.0000109592516307  0.0001741923448745  0.5764744707437274  -0.0282027108688307  
1.4200000000000010  -0.2500000000000000  0.0000000000000000  0.0000110808608287  0.0001741846938735  0.5635784835075121  -0.0276850037307474  
1.4300000000000010  -0.2500000000000000  0.0000000000000000  0.0000112024646853  0.0001741769579733  0.5504933039867536  -0.0271366182155511  
1.4400000000000011  -0.2500000000000000  0.0000000000000000  0.0000113240631412  0.0001741691371776  0.5372208534758154  -0.0265572958235487  
1.4500000000000011  -0.2500000000000000  0.0000000000000000  0.0000114456561372  0.0001741612314901  0.5237607607515539  -0.0259466399028530  
1.4600000000000011  -0.2500000000000000  0.0000000000000000  0.0000115672436140  0.0001741532409147  0.5101165846422190  -0.0253045004107959  
1.4700000000000011  -0.2500000000000000  0.0000000000000000  0.0000116888255122  0.0001741451654553  0.4962886903366674  -0.0246305268962531  
1.4800000000000011  -0.2500000000000000  0.0000000000000000  0.0000118104017728  0.0001741370051156  0.4822783277966649  -0.0239244339966277  
1.4900000000000011  -0.2500000000000000  0.0000000000000000  0.0000119319723363  0.0001741287598997  0.4680870809391053  -0.0231859587352736  
1.5000000000000011  -0.2500000000000000  0.0000000000000000  0.0000000000000000  0.0000000000000000  0.4537222403853781  -0.0224151546447309  
1.5100000000000011  -0.2500000000000000  0.0000000000000000  0.0000000000000000  0.0000000000000000  0.4414288414367934  -0.0214595153875881  
1.5200000000000011  -0.2500000000000000  0.0000000000000000  0.0000000000000000  0.0000000000000000  0.4309192973997756  -0.0206758840892098  
1.5300000000000011  -0.2500000000000000  0.0000000000000000  0.0000000000000000  0.0000000000000000  0.4219236152369462  -0.0199744330629350  
1.5400000000000011  -0.2500000000000000  0.0000000000000000  0.0000000000000000  0.0000000000000000  0.4113496766770750  -0.0191568240754345  
1.5500000000000012  -0.2500000000000000  0.0000000000000000  0.0000000000000000  0.0000000000000000  0.4012542039325930  -0.0183836662296680  
1.5600000000000012  -0.2500000000000000  0.0000000000000000  0.0000000000000000  0.0000000000000000  0.3934555603268360  -0.0177851541444038  
1.5700000000000012  -0.2500000000000000  0.0000000000000000  0.0000000000000000  0.0000000000000000  0.3866785501747968  -0.0172600534383322  
1.5800000000000012  -0.2500000000000000  0.0000000000000000  0.0000000000000000  0.0000000000000000  0.3793540379214208  -0.0166913673700373  
1.5900000000000012  -0.2500000000000000  0.0000000000000000  0.0000000000000000  0.0000000000000000  0.3721032227896962  -0.0161330453476839  
1.6000000000000012  -0.2500000000000000  0.0000000000000000  0.0000000000000000  0.0000000000000000  0.3662297164190036  -0.0156810755820697  
1.6100000000000012  -0.2500000000000000  0.0000000000000000  0.0000000000000000  0.0000000000000000  0.3610092098592710  -0.0152750816643647  
1.6200000000000012  -0.2500000000000000  0.0000000000000000  0.0000000000000000  0.0000000000000000  0.3554405324006244  -0.0148431405900196  
1.6300000000000012  -0.2500000000000000  0.0000000000000000  0.0000000000000000  0.0000000000000000  0.3502690008233371  -0.0144440268424128  
1.6400000000000012  -0.2500000000000000  0.0000000000000000  0.0000000000000000  0.0000000000000000  0.3457358286535908  -0.0140934055753853  
1.6500000000000012  -0.2500000000000000  0.0000000000000000  0.0000000000000000  0.0000000000000000  0.3412839161029599  -0.0137486819180163  
1.6600000000000013  -0.2500000000000000  0.0000000000000000  0.0000000000000000  0.0000000000000000  0.3370696374826043  -0.0134230874400135  
1.6700000000000013  -0.2500000000000000  0.0000000000000000  0.0000000000000000  0.0000000000000000  0.3331545207236224  -0.0131207172822572  
1.6800000000000013  -0.2500000000000000  0.0000000000000000  0.0000000000000000  0.0000000000000000  0.3293358525324814  -0.0128260930939332  
1.6900000000000013  -0.2500000000000000  0.0000000000000000  0.0000000000000000  0.0000000000000000  0.3258113567436196  -0.0125546004472104  
1.7000000000000013  -0.2500000000000000  0.0000000000000000  0.0000000000000000  0.0000000000000000  0.3225541558068520  -0.0123034500861121  
1.7100000000000013  -0.2500000000000000  0.0000000000000000  0.0000000000000000  0.0000000000000000  0.3193676224887327  -0.0120578526621223  
1.7200000000000013  -0.2500000000000000  0.0000000000000000  0.0000000000000000  0.0000000000000000  0.3163954908739396  -0.0118290456971012  
1.7300000000000013  -0.2500000000000000  0.0000000000000000  0.0000000000000000  0.0000000000000000  0.3136542911266837  -0.0116179416615599  
1.7400000000000013  -0.2500000000000000  0.0000000000000000  0.0000000000000000  0.0000000000000000  0.3110464646365493  -0.0114169687477429  
1.7500000000000013  -0.2500000000000000  0.0000000000000000  0.0000000000000000  0.0000000000000000  0.3085980645461313  -0.0112281778941805  
1.7600000000000013  -0.2500000000000000  0.0000000000000000  0.0000000000000000  0.0000000000000000  0.3063036927050174  -0.0110513105798114  
1.7700000000000014  -0.2500000000000000  0.0000000000000000  0.0000000000000000  0.0000000000000000  0.3041520687317767  -0.0108853791683293  
1.7800000000000014  -0.2500000000000000  0.0000000000000000  0.0000000000000000  0.0000000000000000  0.3021382985482659  -0.0107299273160951  
1.7900000000000014  -0.2500000000000000  0.0000000000000000  0.0000000000000000  0.0000000000000000  0.3002433128499950  -0.0105836494554173  
1.8000000000000014  -0.2500000000000000  0.0000000000000000  0.0000000000000000  0.0000000000000000  0.2984600334742822  -0.0104460075827245  
1.8100000000000014  -0.2500000000000000  0.0000000000000000  0.0000000000000000  0.0000000000000000  0.2967838158271590  -0.0103166015528190  
1.8200000000000014  -0.2500000000000000  0.0000000000000000  0.0000000000000000  0.0000000000000000  0.2952060108225671  -0.0101948108052323  
1.8300000000000014  -0.2500000000000000  0.0000000000000000  0.0000000000000000  0.0000000000000000  0.2937152362116887  -0.0100797838401464  
1.8400000000000014  -0.2500000000000000  0.0000000000000000  0.0000000000000000  0.0000000000000000  0.2923023433288692  -0.0099708054764779  
1.8500000000000014  -0.2500000000000000  0.0000000000000000  0.0000000000000000  0.0000000000000000  0.2909623647681690  -0.0098675078580535  
1.8600000000000014  -0.2500000000000000  0.0000000000000000  0.0000000000000000  0.0000000000000000  0.2896895750654485  -0.0097694591337985  
1.8700000000000014  -0.2500000000000000  0.0000000000000000  0.0000000000000000  0.0000000000000000  0.2884756929640978  -0.0096760026251957  
1.8800000000000014  -0.2500000000000000  0.0000000000000000  0.0000000000000000  0.0000000000000000  0.2873148210385719  -0.0095866871299151  
1.8900000000000015  -0.2500000000000000  0.0000000000000000  0.0000000000000000  0.0000000000000000  0.2862039381765371  -0.0095012864706515  
1.9000000000000015  -0.2500000000000000  0.0000000000000000  0.0000000000000000  0.0000000000000000  0.2851388122155961  -0.0094194563895223  
1.9100000000000015  -0.2500000000000000  0.0000000000000000  0.0000000000000000  0.0000000000000000  0.2841151262480506  -0.0093408557164041  
1.9200000000000015  -0.2500000000000000  0.0000000000000000  0.0000000000000000  0.0000000000000000  0.2831303279365918  -0.0092652895217892  
1.9300000000000015  -0.2500000000000000  0.0000000000000000  0.0000000000000000  0.0000000000000000  0.2821818440382936  -0.0091925505817571  
1.9400000000000015  -0.2500000000000000  0.0000000000000000  0.0000000000000000  0.0000000000000000  0.2812670229957530  -0.0091224267858189  
1.9500000000000015  -0.2500000000000000  0.0000000000000000  0.0000000000000000  0.0000000000000000  0.2803839659072216  -0.0090547693371093  
1.9600000000000015  -0.2500000000000000  0.0000000000000000  0.0000000000000000  0.0000000000000000  0.2795304544352640  -0.0089894040841828  
1.9700000000000015  -0.2500000000000000  0.0000000000000000  0.0000000000000000  0.0000000000000000  0.2787042203743167  -0.0089261535183448  
1.9800000000000015  -0.2500000000000000  0.0000000000000000  0.0000000000000000  0.0000000000000000  0.2779036142469182  -0.0088648892532008  
1.9900000000000015  -0.2500000000000000  0.0000000000000000  0.0000000000000000  0.0000000000000000  0.2771267967543350  -0.0088054691541185  
2.0000000000000013  -0.2500000000000000  0.0000000000000000  0.0000120535371436  0.0001741204298116  0.2763717815591445  -0.0087477397982839  
2.0100000000000011  -0.2500000000000000  0.0000000000000000  0.0000121750961354  0.0001741120148552  0.2730260896558069  -0.0087021362620707  
2.0200000000000009  -0.2500000000000000  0.0000000000000000  0.0000122966492525  0.0001741035150346  0.2676516725261086  -0.0084598698528269  
2.0300000000000007  -0.2500000000000000  0.0000000000000000  0.0000124181964356  0.0001740949303540  0.2605253097428992  -0.0081079087971960  
2.0400000000000005  -0.2500000000000000  0.0000000000000000  0.0000125397376254  0.0001740862608174  0.2550407398074607  -0.0078699327199756  
2.0500000000000003  -0.2500000000000000  0.0000000000000000  0.0000126612727628  0.0001740775064290  0.2489503453450249  -0.0075687189969107  
2.0600000000000001  -0.2500000000000000  0.0000000000000000  0.0000127828017884  0.0001740686671931  0.2401929452387820  -0.0070474595665739  
2.0699999999999998  -0.2500000000000000  0.0000000000000000  0.0000129043246431  0.0001740597431140  0.2301313379467470  -0.0064142444987337  
2.0799999999999996  -0.2500000000000000  0.0000000000000000  0.0000130258412676  0.0001740507341959  0.2206682118544358  -0.0058172764625946  
2.0899999999999994  -0.2500000000000000  0.0000000000000000  0.0000131473516027  0.0001740416404432  0.2110858084257290  -0.0051926578684763  
2.0999999999999992  -0.2500000000000000  0.0000000000000000  0.0000132688555891  0.0001740324618602  0.1997952118450025  -0.0044132275045957  
2.1099999999999990  -0.2500000000000000  0.0000000000000000  0.0000133903531677  0.0001740231984515  0.1876554495663549  -0.0035516026380681  
2.1199999999999988  -0.2500000000000000  0.0000000000000000  0.0000135118442792  0.0001740138502215  0.1758939824874512  -0.0027040453288753  
2.1299999999999986  -0.2500000000000000  0.0000000000000000  0.0000136333288644  0.0001740044171746  0.1635836763235432  -0.0017915882013142  
2.1399999999999983  -0.2500000000000000  0.0000000000000000  0.0000137548068641  0.0001739948993156  0.1503925434781926  -0.0007877199853750  
2.1499999999999981  -0.2500000000000000  0.0000000000000000  0.0000138762782191  0.0001739852966489  0.1370495291620293  0.0002471882646261  
2.1599999999999979  -0.2500000000000000  0.0000000000000000  0.0000139977428702  0.0001739756091792  0.1233552875608653  0.0013317798094220  
2.1699999999999977  -0.2500000000000000  0.0000000000000000  0.0000141192007581  0.0001739658369111  0.1091649435300918  0.0024784863697131  
2.1799999999999975  -0.2500000000000000  0.0000000000000000  0.0000142406518237  0.0001739559798495  0.0947850392841583  0.0036617788636019  
2.1899999999999973  -0.2500000000000000  0.0000000000000000  0.0000143620960078  0.0001739460379990  0.0799679690002897  0.0049041113818547  
2.1999999999999971  -0.2500000000000000  0.0000000000000000  0.0000144835332512  0.0001739360113645  0.0646933603238248  0.0062072517438194  
2.2099999999999969  -0.2500000000000000  0.0000000000000000  0.0000146049634946  0.0001739258999508  0.0492394724691840  0.0075476084986026  
2.2199999999999966  -0.2500000000000000  0.0000000000000000  0.0000147263866790  0.0001739157037628  0.0334255095619386  0.0089421032789261  
2.2299999999999964  -0.2500000000000000  0.0000000000000000  0.0000148478027450  0.0001739054228054  0.0171976740357935  0.0103959384281699  
2.2399999999999962  -0.2500000000000000  0.0000000000000000  0.0000149692116336  0.0001738950570836  0.0006920316329464  0.0118974484290058  
2.2499999999999960  -0.2500000000000000  0.0000000000000000  0.0000150906132856  0.0001738846066024  -0.0161242139711236  0.0134503128643068  
2.2599999999999958  -0.2500000000000000  0.0000000000000000  0.0000152120076417  0.0001738740713669  -0.0332611290066270  0.0150562211970885  
2.2699999999999956  -0.2500000000000000  0.0000000000000000  0.0000153333946429  0.0001738634513822  -0.0507048392245806  0.0167144276423198  
2.2799999999999954  -0.2500000000000000  0.0000000000000000  0.0000154547742299  0.0001738527466533  -0.0684483424307868  0.0184248398483541  
2.2899999999999952  -0.2500000000000000  0.0000000000000000  0.0000155761463436  0.0001738419571855  -0.0864744332842985  0.0201865849253054  
2.2999999999999949  -0.2500000000000000  0.0000000000000000  0.0000156975109249  0.0001738310829839  -0.1047793257955432  0.0219998714501153  
2.3099999999999947  -0.2500000000000000  0.0000000000000000  0.0000158188679145  0.0001738201240539  -0.1233570667917410  0.0238646749000939  
2.3199999999999945  -0.2500000000000000  0.0000000000000000  0.0000159402172533  0.0001738090804008  -0.1421998666894802  0.0257808384169496  
2.3299999999999943  -0.2500000000000000  0.0000000000000000  0.0000160615588822  0.0001737979520298  -0.1612983311502166  0.0277479873845695  
2.3399999999999941  -0.2500000000000000  0.0000000000000000  0.0000161828927421  0.0001737867389463  -0.1806413150909252  0.0297655360053101  
2.3499999999999939  -0.2500000000000000  0.0000000000000000  0.0000163042187737  0.0001737754411559  -0.2002238441853754  0.0318335203128262  
2.3599999999999937  -0.2500000000000000  0.0000000000000000  0.0000164255369180  0.0001737640586639  -0.2200412488721734  0.0339519778091263  
2.3699999999999934  -0.2500000000000000  0.0000000000000000  0.0000165468471158  0.0001737525914759  -0.2400862952273191  0.0361206402378732  
2.3799999999999932  -0.2500000000000000  0.0000000000000000  0.0000166681493080  0.0001737410395974  -0.2603521686859832  0.0383392926292111  
2.3899999999999930  -0.2500000000000000  0.0000000000000000  0.0000167894434355  0.0001737294030340  -0.2808370502885679  0.0406082214092199  
2.3999999999999928  -0.2500000000000000  0.0000000000000000  0.0000169107294391  0.0001737176817913  -0.3015374195031670  0.0429275076849540  
2.4099999999999926  -0.2500000000000000  0.0000000000000000  0.0000170320072598  0.0001737058758750  -0.3224486393982847  0.0452971169414822  
2.4199999999999924  -0.2500000000000000  0.0000000000000000  0.0000171532768383  0.0001736939852908  -0.3435680279856335  0.0477172242499077  
2.4299999999999922  -0.2500000000000000  0.0000000000000000  0.0000172745381157  0.0001736820100444  -0.3648947659258528  0.0501881751457909  
2.4399999999999920  -0.2500000000000000  0.0000000000000000  0.0000173957910328  0.0001736699501418  -0.3864253361329102  0.0527100401051637  
2.4499999999999917  -0.2500000000000000  0.0000000000000000  0.0000175170355304  0.0001736578055886  -0.4081582887524969  0.0552830984485669  
2.4599999999999915  -0.2500000000000000  0.0000000000000000  0.0000176382715496  0.0001736455763908  -0.4300915092962389  0.0579075533405482  
2.4699999999999913  -0.2500000000000000  0.0000000000000000  0.0000177594990312  0.0001736332625542  -0.4522226854970529  0.0605835891241450  
2.4799999999999911  -0.2500000000000000  0.0000000000000000  0.0000178807179161  0.0001736208640850  -0.4745504024660928  0.0633114801295153  
2.4899999999999909  -0.2500000000000000  0.0000000000000000  0.0000180019281452  0.0001736083809890  -0.4970730456763053  0.0660914700228351  
2.4999999999999907  -0.2500000000000000  0.0000000000000000  0.0000181231296595  0.0001735958132723  -0.5197883910711903  0.0689237385448706  
2.5099999999999905  -0.2500000000000000  0.0000000000000000  0.0000000000000000  0.0000000000000000  -0.5426946799766057  0.0718085086315188  
2.5199999999999902  -0.2500000000000000  0.0000000000000000  0.0000000000000000  0.0000000000000000  -0.5620156285679762  0.0739498790179499  
2.5299999999999900  -0.2500000000000000  0.0000000000000000  0.0000000000000000  0.0000000000000000  -0.5785843001161867  0.0757554964195482  
2.5399999999999898  -0.2500000000000000  0.0000000000000000  0.0000000000000000  0.0000000000000000  -0.5926444543898239  0.0773209280764607  
2.5499999999999896  -0.2500000000000000  0.0000000000000000  0.0000000000000000  0.0000000000000000  -0.6093929469563281  0.0791708724056869  
2.5599999999999894  -0.2500000000000000  0.0000000000000000  0.0000000000000000  0.0000000000000000  -0.6254685083213136  0.0809390226690976  
2.5699999999999892  -0.2500000000000000  0.0000000000000000  0.0000000000000000  0.0000000000000000  -0.6377983467747482  0.0822985267969810  
2.5799999999999890  -0.2500000000000000  0.0000000000000000  0.0000000000000000  0.0000000000000000  -0.6481568059181505  0.0834471461041374  
2.5899999999999888  -0.2500000000000000  0.0000000000000000  0.0000000000000000  0.0000000000000000  -0.6597028674666883  0.0847259393212893  
2.5999999999999885  -0.2500000000000000  0.0000000000000000  0.0000000000000000  0.0000000000000000  -0.6712879862482511  0.0860031747627301  
2.6099999999999883  -0.2500000000000000  0.0000000000000000  0.0000000000000000  0.0000000000000000  -0.6804233489622712  0.0870116226561858  
2.6199999999999881  -0.2500000000000000  0.0000000000000000  0.0000000000000000  0.0000000000000000  -0.6884724429780488  0.0879043613074341  
2.6299999999999879  -0.2500000000000000  0.0000000000000000  0.0000000000000000  0.0000000000000000  -0.6973201082305878  0.0888825343193505  
2.6399999999999877  -0.2500000000000000  0.0000000000000000  0.0000000000000000  0.0000000000000000  -0.7055467348188762  0.0897901303666017  
2.6499999999999875  -0.2500000000000000  0.0000000000000000  0.0000000000000000  0.0000000000000000  -0.7126169838925790  0.0905716167583480  
2.6599999999999873  -0.2500000000000000  0.0000000000000000  0.0000000000000000  0.0000000000000000  -0.7196662095851238  0.0913505250643639  
2.6699999999999871  -0.2500000000000000  0.0000000000000000  0.0000000000000000  0.0000000000000000  -0.7264277385826634  0.0920968810211727  
2.6799999999999868  -0.2500000000000000  0.0000000000000000  0.0000000000000000  0.0000000000000000  -0.7326097620233182  0.0927799478439966  
2.6899999999999866  -0.2500000000000000  0.0000000000000000  0.0000000000000000  0.0000000000000000  -0.7387074121406750  0.0934532178851942  
2.6999999999999864  -0.2500000000000000  0.0000000000000000  0.0000000000000000  0.0000000000000000  -0.7443898471645890  0.0940804383614184  
2.7099999999999862  -0.2500000000000000  0.0000000000000000  0.0000000000000000  0.0000000000000000  -0.7495755244309309  0.0946537125852318  
2.7199999999999860  -0.2500000000000000  0.0000000000000000  0.0000000000000000  0.0000000000000000  -0.7546920695567902  0.0952191180167241  
2.7299999999999858  -0.2500000000000000  0.0000000000000000  0.0000000000000000  0.0000000000000000  -0.7595091953321633  0.0957512521706967  
2.7399999999999856  -0.2500000000000000  0.0000000000000000  0.0000000000000000  0.0000000000000000  -0.7639190873253366  0.0962388122833265  
2.7499999999999853  -0.2500000000000000  0.0000000000000000  0.0000000000000000  0.0000000000000000  -0.7681311525312964  0.0967046250980593  
2.7599999999999851  -0.2500000000000000  0.0000000000000000  0.0000000000000000  0.0000000000000000  -0.7721199077240569  0.0971457764002927  
2.7699999999999849  -0.2500000000000000  0.0000000000000000  0.0000000000000000  0.0000000000000000  -0.7758575853448721  0.0975591691459222  
2.7799999999999847  -0.2500000000000000  0.0000000000000000  0.0000000000000000  0.0000000000000000  -0.7793708574079719  0.0979478245388496  
2.7899999999999845  -0.2500000000000000  0.0000000000000000  0.0000000000000000  0.0000000000000000  -0.7826818270590483  0.0983141817104766  
2.7999999999999843  -0.2500000000000000  0.0000000000000000  0.0000000000000000  0.0000000000000000  -0.7858127044169660  0.0986605663988449  
2.8099999999999841  -0.2500000000000000  0.0000000000000000  0.0000000000000000  0.0000000000000000  -0.7887693293538233  0.0989876529884532  
2.8199999999999839  -0.2500000000000000  0.0000000000000000  0.0000000000000000  0.0000000000000000  -0.7915666304496027  0.0992971003753491  
2.8299999999999836  -0.2500000000000000  0.0000000000000000  0.0000000000000000  0.0000000000000000  -0.7942175421364587  0.0995903051070581  
2.8399999999999834  -0.2500000000000000  0.0000000000000000  0.0000000000000000  0.0000000000000000  -0.7967348133615916  0.0998686838616008  
2.8499999999999832  -0.2500000000000000  0.0000000000000000  0.0000000000000000  0.0000000000000000  -0.7991351760601799  0.1001340891792739  
2.8599999999999830  -0.2500000000000000  0.0000000000000000  0.0000000000000000  0.0000000000000000  -0.8014275035634458  0.1003874855161452  
2.8699999999999828  -0.2500000000000000  0.0000000000000000  0.0000000000000000  0.0000000000000000  -0.8036166712006428  0.1006294278059903  
2.8799999999999826  -0.2500000000000000  0.0000000000000000  0.0000000000000000  0.0000000000000000  -0.8057151691672392  0.1008613134762347  
2.8899999999999824  -0.2500000000000000  0.0000000000000000  0.0000000000000000  0.0000000000000000  -0.8077341308998656  0.1010843559134991  
2.8999999999999821  -0.2500000000000000  0.0000000000000000  0.0000000000000000  0.0000000000000000  -0.8096759328721858  0.1012988204383264  
2.9099999999999819  -0.2500000000000000  0.0000000000000000  0.0000000000000000  0.0000000000000000  -0.8115460785948884  0.1015053324181276  
2.9199999999999817  -0.2500000000000000  0.0000000000000000  0.0000000000000000  0.0000000000000000  -0.8133528332381702  0.1017047987674410  
2.9299999999999815  -0.2500000000000000  0.0000000000000000  0.0000000000000000  0.0000000000000000  -0.8150996642933422  0.1018975994675568  
2.9399999999999813  -0.2500000000000000  0.0000000000000000  0.0000000000000000  0.0000000000000000  -0.8167899081420210  0.1020841106813081  
2.9499999999999811  -0.2500000000000000  0.0000000000000000  0.0000000000000000  0.0000000000000000  -0.8184285804696522  0.1022648861994555  
2.9599999999999809  -0.2500000000000000  0.0000000000000000  0.0000000000000000  0.0000000000000000  -0.8200188140206190  0.1024402716859904  
2.9699999999999807  -0.2500000000000000  0.0000000000000000  0.0000000000000000  0.0000000000000000  -0.8215637365161498  0.1026106166154046  
2.9799999999999804  -0.2500000000000000  0.0000000000000000  0.0000000000000000  0.0000000000000000  -0.8230672074380431  0.1027763480498478  
2.9899999999999802  -0.2500000000000000  0.0000000000000000  0.0000000000000000  0.0000000000000000  -0.8245319194630263  0.1029377646323447  
2.9999999999999800  -0.2500000000000000  0.0000000000000000  0.0000000000000000  0.0000000000000000  -0.8259604155785869  0.1030951505328484  
3.0099999999999798  -0.2500000000000000  0.0000000000000000  0.0000182443223999  0.0001735831609409  -0.8273557135246857  0.1032488406967375  
3.0199999999999796  -0.2500000000000000  0.0000000000000000  0.0000183655063073  0.0001735704240011  -0.8329140444947872  0.1044273034642679  
3.0299999999999794  -0.2500000000000000  0.0000000000000000  0.0000184866813226  0.0001735576024589  -0.8414783051565923  0.1059806018008154  
3.0399999999999792  -0.2500000000000000  0.0000000000000000  0.0000186078473868  0.0001735446963207  -0.8527589197029575  0.1078139771930013  
3.0499999999999790  -0.2500000000000000  0.0000000000000000  0.0000187290044408  0.0001735317055925  -0.8612793813653276  0.1093650297855302  
3.0599999999999787  -0.2500000000000000  0.0000000000000000  0.0000188501524256  0.0001735186302808  -0.8706072677945916  0.1110267805686057  
3.0699999999999785  -0.2500000000000000  0.0000000000000000  0.0000189712912820  0.0001735054703918  -0.8840634801382908  0.1131681593030268  
3.0799999999999783  -0.2500000000000000  0.0000000000000000  0.0000190924209512  0.0001734922259320  -0.8997909085999379  0.1155827207223052  
3.0899999999999781  -0.2500000000000000  0.0000000000000000  0.0000192135413739  0.0001734788969077  -0.9142751711464296  0.1178767908925722  
3.0999999999999779  -0.2500000000000000  0.0000000000000000  0.0000193346524913  0.0001734654833254  -0.9287602845244557  0.1201973550231013  
3.1099999999999777  -0.2500000000000000  0.0000000000000000  0.0000194557542442  0.0001734519851915  -0.9460346721239677  0.1228627961641285  
3.1199999999999775  -0.2500000000000000  0.0000000000000000  0.0000195768465736  0.0001734384025127  -0.9645923821495833  0.1256994854200255  
3.1299999999999772  -0.2500000000000000  0.0000000000000000  0.0000196979294206  0.0001734247352955  -0.9823190810006371  0.1284667759644097  
3.1399999999999770  -0.2500000000000000  0.0000000000000000  0.0000198190027260  0.0001734109835466  -1.0008145826385955  0.1313523890661162  
3.1499999999999768  -0.2500000000000000  0.0000000000000000  0.0000199400664308  0.0001733971472725  -1.0207116783930594  0.1344301711539432  
3.1599999999999766  -0.2500000000000000  0.0000000000000000  0.0000200611204762  0.0001733832264800  -1.0407080112670144  0.1375482241982749  
3.1699999999999764  -0.2500000000000000  0.0000000000000000  0.0000201821648030  0.0001733692211758  -1.0611046431304005  0.1407435574611223  
3.1799999999999762  -0.2500000000000000  0.0000000000000000  0.0000203031993522  0.0001733551313668  -1.0822810228858724  0.1440616989631869  
3.1899999999999760  -0.2500000000000000  0.0000000000000000  0.0000204242240649  0.0001733409570597  -1.1036456622705277  0.1474332309297011  
3.1999999999999758  -0.2500000000000000  0.0000000000000000  0.0000205452388821  0.0001733266982614  -1.1255690563144509  0.1509038251545080  
3.2099999999999755  -0.2500000000000000  0.0000000000000000  0.0000206662437447  0.0001733123549788  -1.1481820789938102  0.1544897335192917  
3.2199999999999753  -0.2500000000000000  0.0000000000000000  0.0000207872385939  0.0001732979272190  -1.1709807410198478  0.1581308583531488  
3.2299999999999751  -0.2500000000000000  0.0000000000000000  0.0000209082233706  0.0001732834149887  -1.1942213318685517  0.1618596401061890  
3.2399999999999749  -0.2500000000000000  0.0000000000000000  0.0000210291980158  0.0001732688182952  -1.2180530827484115  0.1656951844901886  
3.2499999999999747  -0.2500000000000000  0.0000000000000000  0.0000211501624706  0.0001732541371454  -1.2422292795996865  0.1696078086533941  
3.2599999999999745  -0.2500000000000000  0.0000000000000000  0.0000212711166760  0.0001732393715465  -1.2667759392924718  0.1736016556949517  
3.2699999999999743  -0.2500000000000000  0.0000000000000000  0.0000213920605731  0.0001732245215056  -1.2917394962598185  0.1776834639050829  
3.2799999999999740  -0.2500000000000000  0.0000000000000000  0.0000215129941030  0.0001732095870300  -1.3170893882757522  0.1818501061394291  
3.2899999999999738  -0.2500000000000000  0.0000000000000000  0.0000216339172066  0.0001731945681268  -1.3427998425898600  0.1860990793899008  
3.2999999999999736  -0.2500000000000000  0.0000000000000000  0.0000217548298250  0.0001731794648034  -1.3688503399318224  0.1904285905564380  
3.3099999999999734  -0.2500000000000000  0.0000000000000000  0.0000218757318993  0.0001731642770671  -1.3952388143260199  0.1948390485878131  
3.3199999999999732  -0.2500000000000000  0.0000000000000000  0.0000219966233705  0.0001731490049252  -1.4219489463311648  0.1993290246074773  
3.3299999999999730  -0.2500000000000000  0.0000000000000000  0.0000221175041798  0.0001731336483851  -1.4489681256062150  0.2038975482724468  
3.3399999999999728  -0.2500000000000000  0.0000000000000000  0.0000222383742683  0.0001731182074543  -1.4762850012035627  0.2085437662272346  
3.3499999999999726  -0.2500000000000000  0.0000000000000000  0.0000223592335769  0.0001731026821402  -1.5038817061598611  0.2132659071944751  
3.3599999999999723  -0.2500000000000000  0.0000000000000000  0.0000224800820468  0.0001730870724505  -1.5317494067867752  0.2180634107268408  
3.3699999999999721  -0.2500000000000000  0.0000000000000000  0.0000226009196190  0.0001730713783925  -1.5598846979263512  0.2229363758776106  
3.3799999999999719  -0.2500000000000000  0.0000000000000000  0.0000227217462348  0.0001730555999741  -1.5882753511409615  0.2278836942373683  
3.3899999999999717  -0.2500000000000000  0.0000000000000000  0.0000228425618351  0.0001730397372027  -1.6169076979147461  0.2329040882292246  
3.3999999999999715  -0.2500000000000000  0.0000000000000000  0.0000229633663612  0.0001730237900862  -1.6457814623065319  0.2379980294614013  
3.4099999999999713  -0.2500000000000000  0.0000000000000000  0.0000230841597540  0.0001730077586322  -1.6748918630248433  0.2431653684564445  
3.4199999999999711  -0.2500000000000000  0.0000000000000000  0.0000232049419548  0.0001729916428485  -1.7042269365049041  0.2484049781109024  
3.4299999999999708  -0.2500000000000000  0.0000000000000000  0.0000233257129047  0.0001729754427429  -1.7337854889171229  0.2537171778253082  
3.4399999999999706  -0.2500000000000000  0.0000000000000000  0.0000234464725447  0.0001729591583233  -1.7635643509597614  0.2591019997737015  
3.4499999999999704  -0.2500000000000000  0.0000000000000000  0.0000235672208161  0.0001729427895975  -1.7935578256391598  0.2645591300194143  
3.4599999999999702  -0.2500000000000000  0.0000000000000000  0.0000236879576599  0.0001729263365735  -1.8237623601052209  0.2700885304435907  
3.4699999999999700  -0.2500000000000000  0.0000000000000000  0.0000238086830174  0.0001729097992594  -1.8541749751448051  0.2756902439963571  
3.4799999999999698  -0.2500000000000000  0.0000000000000000  0.0000239293968296  0.0001728931776630  -1.8847912716004960  0.2813640813569819  
3.4899999999999696  -0.2500000000000000  0.0000000000000000  0.0000240500990378  0.0001728764717925  -1.9156083277374512  0.2871100818512110  
3.4999999999999694  -0.2500000000000000  0.0000000000000000  0.0000241707895831  0.0001728596816560  -1.9466235340442755  0.2929282981753935  
3.5099999999999691  -0.2500000000000000  0.0000000000000000  0.0000000000000000  0.0000000000000000  -1.9778335419062500  0.2988186813914200  
3.5199999999999689  -0.2500000000000000  0.0000000000000000  0.0000000000000000  0.0000000000000000  -2.0038707221888652  0.3025981180929875  
3.5299999999999687  -0.2500000000000000  0.0000000000000000  0.0000000000000000  0.0000000000000000  -2.0261538761054063  0.3058052800487067  
3.5399999999999685  -0.2500000000000000  0.0000000000000000  0.0000000000000000  0.0000000000000000  -2.0450781412411718  0.3085626827170970  
3.5499999999999683  -0.2500000000000000  0.0000000000000000  0.0000000000000000  0.0000000000000000  -2.0678212735334212  0.3118530987618141  
3.5599999999999681  -0.2500000000000000  0.0000000000000000  0.0000000000000000  0.0000000000000000  -2.0896874321977332  0.3150113957359451  
3.5699999999999679  -0.2500000000000000  0.0000000000000000  0.0000000000000000  0.0000000000000000  -2.1063712800226875  0.3174264707331733  
3.5799999999999677  -0.2500000000000000  0.0000000000000000  0.0000000000000000  0.0000000000000000  -2.1201434008802624  0.3194268935104865  
3.5899999999999674  -0.2500000000000000  0.0000000000000000  0.0000000000000000  0.0000000000000000  -2.1357231617808061  0.3216860466181975  
3.5999999999999672  -0.2500000000000000  0.0000000000000000  0.0000000000000000  0.0000000000000000  -2.1514903085698358  0.3239654499193330  
3.6099999999999670  -0.2500000000000000  0.0000000000000000  0.0000000000000000  0.0000000000000000  -2.1637628736957777  0.3257421988519814  
3.6199999999999668  -0.2500000000000000  0.0000000000000000  0.0000000000000000  0.0000000000000000  -2.1745446782861308  0.3273071569583616  
3.6299999999999666  -0.2500000000000000  0.0000000000000000  0.0000000000000000  0.0000000000000000  -2.1865549995306135  0.3290462086733342  
3.6399999999999664  -0.2500000000000000  0.0000000000000000  0.0000000000000000  0.0000000000000000  -2.1977466874111191  0.3306654322581526  
3.6499999999999662  -0.2500000000000000  0.0000000000000000  0.0000000000000000  0.0000000000000000  -2.2072792388764846  0.3320468190217561  
3.6599999999999659  -0.2500000000000000  0.0000000000000000  0.0000000000000000  0.0000000000000000  -2.2168197409605592  0.3334287501934244  
3.6699999999999657  -0.2500000000000000  0.0000000000000000  0.0000000000000000  0.0000000000000000  -2.2260235550076435  0.3347613715750589  
3.6799999999999655  -0.2500000000000000  0.0000000000000000  0.0000000000000000  0.0000000000000000  -2.2343753886163169  0.3359717107684625  
3.6899999999999653  -0.2500000000000000  0.0000000000000000  0.0000000000000000  0.0000000000000000  -2.2426247343374897  0.3371663476985088  
3.6999999999999651  -0.2500000000000000  0.0000000000000000  0.0000000000000000  0.0000000000000000  -2.2503442991967111  0.3382841474892835  
3.7099999999999649  -0.2500000000000000  0.0000000000000000  0.0000000000000000  0.0000000000000000  -2.2573467626445982  0.3392991844810102  
3.7199999999999647  -0.2500000000000000  0.0000000000000000  0.0000000000000000  0.0000000000000000  -2.2642651288764943  0.3403015157647127  
3.7299999999999645  -0.2500000000000000  0.0000000000000000  0.0000000000000000  0.0000000000000000  -2.2708125429654729  0.3412498868019744  
3.7399999999999642  -0.2500000000000000  0.0000000000000000  0.0000000000000000  0.0000000000000000  -2.2767853659772945  0.3421155340950638  
3.7499999999999640  -0.2500000000000000  0.0000000000000000  0.0000000000000000  0.0000000000000000  -2.2824938542220194  0.3429429026073604  
3.7599999999999638  -0.2500000000000000  0.0000000000000000  0.0000000000000000  0.0000000000000000  -2.2879277093690717  0.3437303971742839  
3.7699999999999636  -0.2500000000000000  0.0000000000000000  0.0000000000000000  0.0000000000000000  -2.2930187889280251  0.3444682158883252  
3.7799999999999634  -0.2500000000000000  0.0000000000000000  0.0000000000000000  0.0000000000000000  -2.2978103501905109  0.3451626887340004  
3.7899999999999632  -0.2500000000000000  0.0000000000000000  0.0000000000000000  0.0000000000000000  -2.3023425364761083  0.3458195883151579  
3.7999999999999630  -0.2500000000000000  0.0000000000000000  0.0000000000000000  0.0000000000000000  -2.3066372108592468  0.3464419999244270  
3.8099999999999627  -0.2500000000000000  0.0000000000000000  0.0000000000000000  0.0000000000000000  -2.3107004104325757  0.3470308502477349  
3.8199999999999625  -0.2500000000000000  0.0000000000000000  0.0000000000000000  0.0000000000000000  -2.3145552003491647  0.3475894733511829  
3.8299999999999623  -0.2500000000000000  0.0000000000000000  0.0000000000000000  0.0000000000000000  -2.3182178500637063  0.3481202046092564  
3.8399999999999621  -0.2500000000000000  0.0000000000000000  0.0000000000000000  0.0000000000000000  -2.3217023134973322  0.3486250845046262  
3.8499999999999619  -0.2500000000000000  0.0000000000000000  0.0000000000000000  0.0000000000000000  -2.3250322719380483  0.3491075321028622  
3.8599999999999617  -0.2500000000000000  0.0000000000000000  0.0000000000000000  0.0000000000000000  -2.3282200061681007  0.3495693042796394  
3.8699999999999615  -0.2500000000000000  0.0000000000000000  0.0000000000000000  0.0000000000000000  -2.3312698345647735  0.3500110493660177  
3.8799999999999613  -0.2500000000000000  0.0000000000000000  0.0000000000000000  0.0000000000000000  -2.3341985367431368  0.3504352062579208  
3.8899999999999610  -0.2500000000000000  0.0000000000000000  0.0000000000000000  0.0000000000000000  -2.3370220605039975  0.3508440585649829  
3.8999999999999608  -0.2500000000000000  0.0000000000000000  0.0000000000000000  0.0000000000000000  -2.3397425997166175  0.3512379336477137  
3.9099999999999606  -0.2500000000000000  0.0000000000000000  0.0000000000000000  0.0000000000000000  -2.3423670877276077  0.3516178528858649  
3.9199999999999604  -0.2500000000000000  0.0000000000000000  0.0000000000000000  0.0000000000000000  -2.3449074818380979  0.3519855378309573  
3.9299999999999602  -0.2500000000000000  0.0000000000000000  0.0000000000000000  0.0000000000000000  -2.3473683560099583  0.3523416533960536  
3.9399999999999600  -0.2500000000000000  0.0000000000000000  0.0000000000000000  0.0000000000000000  -2.3497539767513373  0.3526868270901682  
3.9499999999999598  -0.2500000000000000  0.0000000000000000  0.0000000000000000  0.0000000000000000  -2.3520714933349596  0.3530220938287392  
3.9599999999999596  -0.2500000000000000  0.0000000000000000  0.0000000000000000  0.0000000000000000  -2.3543253399400439  0.3533480976451598  
3.9699999999999593  -0.2500000000000000  0.0000000000000000  0.0000000000000000  0.0000000000000000  -2.3565195660816736  0.3536654314360941  
3.9799999999999591  -0.2500000000000000  0.0000000000000000  0.0000000000000000  0.0000000000000000  -2.3586594368475895  0.3539748574597970  
3.9899999999999589  -0.2500000000000000  0.0000000000000000  0.0000000000000000  0.0000000000000000  -2.3607486434452576  0.3542769124600676  