t	dt	da	x	y	dx	dy	Fx	Fy	Mz
0	0.01	-0.03	-0.25	0	0	0.0001309	0	0.01	-0.03	-0.25	0	0	0.0001309	0	0.01	-0.03	-0.25	0	0	0.0001309	-477.735	-8002.05	719.11
0.01	0.01	-0.03	-0.25	0.0001309	6.85389e-08	0.0001309	0.01	0.01	-0.03	-0.25	0.0001309	6.85389e-08	0.0001309	-155.266	-1873.44	182.308
0.02	0.01	-0.03	-0.25	0.000261799	1.37078e-07	0.0001309	0.02	0.01	-0.03	-0.25	0.000261799	1.37078e-07	0.0001309	-232.124	-3941.16	332.282
0.03	0.01	-0.03	-0.25	0.000392699	2.05617e-07	0.0001309	0.03	0.01	-0.03	-0.25	0.000392699	2.05617e-07	0.0001309	-258.257	-3880.54	338.381
0.04	0.01	-0.03	-0.25	0.000523599	2.74156e-07	0.000130899	0.04	0.01	-0.03	-0.25	0.000523599	2.74156e-07	0.000130899	-246.291	-3877.43	321.58
0.05	0.01	-0.03	-0.249999	0.000654498	3.42694e-07	0.000130899	0.05	0.01	-0.03	-0.249999	0.000654498	3.42694e-07	0.000130899	-252.746	-3849.77	318.723
0.06	0.01	-0.03	-0.249999	0.000785397	4.11233e-07	0.000130899	0.06	0.01	-0.03	-0.249999	0.000785397	4.11233e-07	0.000130899	-249.158	-3824.24	308.737
0.07	0.01	-0.03	-0.249999	0.000916297	4.79772e-07	0.000130899	0.07	0.01	-0.03	-0.249999	0.000916297	4.79772e-07	0.000130899	-251.337	-3794.77	304.36
0.08	0.01	-0.03	-0.249998	0.0010472	5.4831e-07	0.000130899	0.08	0.01	-0.03	-0.249998	0.0010472	5.4831e-07	0.000130899	-249.922	-3763.02	297.466
0.09	0.01	-0.03	-0.249998	0.00117809	6.16849e-07	0.000130898	-250.321	-3726.38	292.934
0.1	0.01	-0.03	-0.249997	0.00130899	6.85387e-07	0.000130898	-249.696	-3688.42	288.086
0.11	0.01	-0.03	-0.249996	0.00143989	7.53925e-07	0.000130898	-249.351	-3646.33	284.048
0.12	0.01	-0.03	-0.249995	0.00157079	8.22463e-07	0.000130897	-248.783	-3602.27	280.397
0.13	0.01	-0.03	-0.249995	0.00170169	8.91001e-07	0.000130897	-248.164	-3555.35	277.176
0.14	0.01	-0.03	-0.249994	0.00183258	9.59538e-07	0.000130896	-247.457	-3506.29	274.329
0.15	0.01	-0.03	-0.249993	0.00196348	1.02808e-06	0.000130896	-246.67	-3455.14	271.818
0.16	0.01	-0.03	-0.249992	0.00209438	1.09661e-06	0.000130895	-245.815	-3402.23	269.55
0.17	0.01	-0.03	-0.249991	0.00222527	1.16515e-06	0.000130895	-244.896	-3347.8	267.508
0.18	0.01	-0.03	-0.24999	0.00235617	1.23369e-06	0.000130894	-243.918	-3291.99	265.679
0.19	0.01	-0.03	-0.249988	0.00248706	1.30222e-06	0.000130894	-242.889	-3235.04	263.991
0.2	0.01	-0.03	-0.249987	0.00261795	1.37076e-06	0.000130893	-241.812	-3177.09	262.451
0.21	0.01	-0.03	-0.249986	0.00274885	1.43929e-06	0.000130892	-240.693	-3118.24	261.04
0.22	0.01	-0.03	-0.249984	0.00287974	1.50783e-06	0.000130891	-239.534	-3058.61	259.738
0.23	0.01	-0.03	-0.249983	0.00301063	1.57636e-06	0.000130891	-238.34	-2998.29	258.538
0.24	0.01	-0.03	-0.249981	0.00314152	1.6449e-06	0.00013089	-237.112	-2937.3	257.464
0.25	0.01	-0.03	-0.249979	0.00327241	1.71343e-06	0.000130889	-235.854	-2875.71	256.481
0.26	0.01	-0.03	-0.249978	0.0034033	1.78196e-06	0.000130888	-234.565	-2813.63	255.561
0.27	0.01	-0.03	-0.249976	0.00353419	1.8505e-06	0.000130887	-233.25	-2751.09	254.721
0.28	0.01	-0.03	-0.249974	0.00366507	1.91903e-06	0.000130886	-231.908	-2688.12	253.95
0.29	0.01	-0.03	-0.249972	0.00379596	1.98756e-06	0.000130885	-230.542	-2624.76	253.246
0.3	0.01	-0.03	-0.24997	0.00392685	2.05609e-06	0.000130884	-229.153	-2561.05	252.603
0.31	0.01	-0.03	-0.249968	0.00405773	2.12462e-06	0.000130883	-227.74	-2497	252.019
0.32	0.01	-0.03	-0.249966	0.00418861	2.19315e-06	0.000130882	-226.305	-2432.65	251.49
0.33	0.01	-0.03	-0.249964	0.00431949	2.26168e-06	0.000130881	-224.849	-2368.02	251.013
0.34	0.01	-0.03	-0.249962	0.00445037	2.33021e-06	0.00013088	-223.373	-2303.12	250.583
0.35	0.01	-0.03	-0.249959	0.00458125	2.39874e-06	0.000130878	-221.875	-2237.98	250.199
0.36	0.01	-0.03	-0.249957	0.00471213	2.46727e-06	0.000130877	-220.359	-2172.62	249.856
0.37	0.01	-0.03	-0.249954	0.00484301	2.53579e-06	0.000130876	-218.822	-2107.06	249.552
0.38	0.01	-0.03	-0.249952	0.00497389	2.60432e-06	0.000130874	-217.267	-2041.3	249.284
0.39	0.01	-0.03	-0.249949	0.00510476	2.67285e-06	0.000130873	-215.693	-1975.37	249.049
0.4	0.01	-0.03	-0.249947	0.00523563	2.74137e-06	0.000130872	-214.101	-1909.29	248.845
0.41	0.01	-0.03	-0.249944	0.0053665	2.8099e-06	0.00013087	-212.491	-1843.05	248.669
0.42	0.01	-0.03	-0.249941	0.00549738	2.87842e-06	0.000130869	-210.863	-1776.69	248.519
0.43	0.01	-0.03	-0.249938	0.00562824	2.94694e-06	0.000130867	-209.218	-1710.2	248.394
0.44	0.01	-0.03	-0.249935	0.00575911	3.01546e-06	0.000130866	-207.556	-1643.59	248.291
0.45	0.01	-0.03	-0.249932	0.00588998	3.08398e-06	0.000130864	-205.877	-1576.89	248.209
0.46	0.01	-0.03	-0.249929	0.00602084	3.15251e-06	0.000130863	-204.18	-1510.09	248.145
0.47	0.01	-0.03	-0.249926	0.0061517	3.22102e-06	0.000130861	-202.467	-1443.21	248.099
0.48	0.01	-0.03	-0.249923	0.00628256	3.28954e-06	0.000130859	-200.738	-1376.25	248.069
0.49	0.01	-0.03	-0.249919	0.00641342	3.35806e-06	0.000130857	-198.993	-1309.22	248.054
